,,,,,,,,,,,,,,,,,,,
P,r,i,n,c,i,p,a,l, ,C,o,m,p,o,n,e,n,t,s
                         
0.17169 -0.085024 -0.12624 0.099076 0.019536 -0.15139 -0.039375 0.0086341 0.055493 0.054928 0.07259 0.064003 0.032067 -0.058448 -0.021028 -0.060065 -0.02117 0.069337 -0.090072 -0.10692 -0.00036096 0.042341 -0.33969 0.084681 -0.21789 -0.12993
0.17224 -0.086225 -0.12278 0.10005 0.0046508 -0.11117 -0.06082 0.0026541 0.063609 0.026127 0.042961 0.038882 0.11936 -0.1368 0.012664 0.14216 -0.021518 -0.1277 -0.015012 0.049043 0.03 0.16563 -0.096989 0.057934 -0.04959 0.042336
0.17161 -0.069935 -0.11055 0.061955 -0.0028044 -0.010827 -0.08144 0.07169 -0.079707 -0.11092 0.03195 -0.001658 0.094442 -0.06548 0.068183 0.12256 0.023744 -0.26061 0.040738 0.10195 0.19035 0.042098 0.050056 -0.09258 -0.30835 0.13851
0.16672 -0.047581 -0.098872 0.021793 -0.0095939 0.12052 -0.093499 0.14915 -0.29345 -0.29198 0.016767 -0.012733 0.051336 -0.051564 0.15743 0.039497 -0.059542 -0.25526 0.084303 0.0039739 0.037112 -0.057415 -0.056573 0.0087446 -0.017819 0.30244
0.14904 -0.028258 -0.075507 0.0274 -0.080314 0.11013 -0.087468 0.11903 -0.26881 -0.069031 0.018247 0.24103 -0.20377 0.0044533 0.14124 0.034484 -0.14598 -0.044714 -0.043184 -0.077988 -0.15069 -0.13332 0.27746 0.017863 -0.10112 0.046794
0.12693 0.024362 0.021774 0.062176 -0.20005 -0.0016933 0.0059912 0.11512 -0.11936 0.10964 -0.095417 0.49418 -0.35545 0.059548 0.16227 0.035452 0.0031276 0.05312 0.065778 0.0587 -0.062551 -0.24515 -0.15417 0.01347 -0.015341 -0.013644
0.10541 0.12609 0.23174 0.083147 -0.34674 -0.16885 0.11982 0.13054 0.025508 -0.18315 -0.3387 0.12972 0.2383 -0.11208 0.22924 -0.074745 0.047527 0.17876 0.010847 -0.18545 0.025568 0.15893 0.096772 0.071182 0.055681 -0.097598
0.080621 0.12829 0.11163 -0.018695 -0.24703 -0.02824 -0.22972 0.11848 0.12565 -0.14511 0.0097216 -0.077877 0.021856 0.099256 -0.21212 -0.18155 -0.40096 0.11432 0.058126 0.016529 0.25166 -0.068213 -0.10322 -0.064462 -0.0016816 0.034675
0.045795 0.092255 -0.028465 -0.036174 -0.14007 0.15979 -0.20925 0.069992 0.1192 -0.11193 -0.032125 0.028245 0.082802 0.12859 -0.32223 -0.086372 -0.15013 0.12788 0.11547 0.15108 -0.22704 0.16059 -0.077919 0.072763 -0.10486 0.10961
0.0074686 0.016098 -0.0047882 -0.0078094 -0.035458 0.029627 -0.052741 0.022605 0.013565 -0.0039074 -0.018275 0.02111 0.029062 -0.0073617 -0.1452 0.067348 -0.099748 0.009429 0.14381 -0.10754 0.088046 0.067473 0.028393 0.077487 0.11058 -0.097075
8.4143e-06 0.00019782 -0.00019684 -4.553e-05 -0.0021441 -0.00041429 -0.0033897 0.0023971 0.0048284 -0.0021319 -0.002644 0.0059387 0.0021373 -0.0084204 -0.0067351 0.038738 -0.031262 -0.032043 -0.070275 -0.0015143 -0.0012582 -0.0020929 0.011535 0.023768 0.096972 -0.21242
0.17169 -0.085024 -0.12624 0.099076 0.019536 -0.15139 -0.039375 0.0086341 0.055493 0.054928 0.07259 0.064003 0.032067 -0.058448 -0.021028 -0.060065 -0.02117 0.069337 -0.090072 -0.10692 -0.00036096 0.042341 0.018828 -0.16 0.69249 0.52993
0.17272 -0.087298 -0.11371 0.090258 0.0025727 -0.11062 -0.071396 -0.0014908 0.068894 0.0021264 0.014935 -0.0094275 0.097324 -0.039826 0.006321 0.17017 0.016568 -0.12934 -0.16668 0.015221 0.024816 0.11135 0.28981 -0.18807 0.010281 -0.27788
0.1739 -0.080385 -0.084157 0.01313 -0.011901 -0.008936 -0.075271 0.019288 -0.024132 -0.075507 -0.073905 -0.17956 0.11214 0.10048 -0.0055681 0.19698 0.0043893 -0.088186 0.048441 0.10854 -0.091217 -0.15275 0.029412 0.75963 0.269 -0.11952
0.17169 -0.063858 -0.059627 -0.05824 -0.031379 0.13068 -0.052185 0.078525 -0.23846 -0.1346 -0.065632 -0.13678 0.049408 0.11146 -0.0014321 0.10822 -0.045684 -0.058865 0.098408 0.16919 -0.065413 -0.017991 -0.22383 -0.45414 0.36644 -0.50773
0.15646 -0.049671 -0.022412 -0.067448 -0.098688 0.13819 -0.026747 0.032867 -0.1373 0.21588 0.0068552 0.11577 -0.24231 0.01837 -0.090582 0.046033 -0.071035 0.017338 -0.03957 0.02723 0.082695 0.39658 -0.076807 0.066718 0.041299 -0.0062007
0.13629 -0.0054883 0.090778 -0.053154 -0.1434 0.038045 0.0078365 -0.015323 0.18499 0.41671 -0.084519 0.021963 -0.12265 -0.077983 -0.16375 0.02107 0.00039124 -0.079202 0.083437 -0.11006 -0.04415 0.018556 0.022909 0.0089765 0.075813 -0.09955
0.11653 0.12033 0.32349 0.025936 -0.22582 -0.25115 0.063463 0.042262 0.12673 0.030287 -0.28148 0.030658 0.12204 -0.10539 0.0055816 -0.04118 0.056354 -0.2798 0.0091099 0.16128 0.010372 -0.15618 0.035157 -0.094009 -0.022645 0.045391
0.095004 0.17908 0.065405 -0.068388 -0.16336 -0.018195 -0.21522 0.09529 0.2507 -0.020119 0.10702 -0.10958 -0.0071175 0.031066 -0.16564 0.24177 0.016589 -0.19221 -0.20699 0.083737 0.088224 -0.087555 -0.02046 -0.020751 -0.029298 0.072112
0.057462 0.12623 -0.040094 -0.11923 -0.080553 0.19039 -0.20636 0.15231 0.068623 -0.3371 0.079926 0.025644 -0.11664 -0.19762 -0.12742 -0.10243 0.16987 0.22604 -0.17276 -0.064726 -0.24093 0.11609 0.09791 0.0097342 0.0078127 -0.045113
0.010594 0.02906 -0.0092045 -0.078334 0.025407 0.02619 -0.013871 0.099879 -0.06001 -0.16426 -0.09418 0.03243 -0.023495 0.020575 -0.020513 0.074946 -0.12669 -0.043996 -0.019419 -0.38107 0.049011 0.044934 0.1348 -0.02473 -0.045725 -0.04262
0.00023168 0.0044005 -0.0031198 -0.020935 0.032918 -0.024383 0.021734 0.10592 0.041273 -0.0020003 0.044392 0.010493 -0.010487 -0.092744 0.014583 0.11224 -0.14161 0.0019662 -0.25822 0.034382 0.025737 -0.04346 0.052601 -0.0094651 -0.0028988 -0.043887
0.17169 -0.085024 -0.12624 0.099076 0.019536 -0.15139 -0.039375 0.0086341 0.055493 0.054928 0.07259 0.064003 0.032067 -0.058448 -0.021028 -0.060065 -0.02117 0.069337 -0.090072 -0.10692 -0.00036096 0.042341 0.034993 0.023257 -0.045349 -0.11677
0.17301 -0.090485 -0.10334 0.068397 0.0088973 -0.11756 -0.038351 -0.036326 0.045979 -0.022228 -0.042476 -0.08583 0.046219 0.034926 -0.04426 0.035173 0.087899 0.029696 0.021198 -0.037624 -0.024396 -0.16421 -0.15095 -0.017809 -0.1161 0.073202
0.17658 -0.096213 -0.05943 -0.040338 -0.022186 0.014029 0.013143 -0.0081924 -0.046375 -0.028009 -0.11773 -0.19791 0.011712 0.15803 -0.080952 0.042244 0.026266 0.052161 0.13944 0.067168 -0.10053 0.020685 0.31197 -0.047405 -0.13439 0.070104
0.17812 -0.086063 0.0089584 -0.13778 -0.039005 0.23204 0.1056 0.061611 -0.082177 0.045174 -0.10871 -0.18023 -0.10739 -0.071482 -0.038942 0.0085152 -0.016469 0.015392 -0.1397 -0.24846 0.30806 -0.046842 -0.30568 0.03123 -0.1009 0.062945
0.16453 -0.064854 0.057734 -0.14639 -0.010393 0.25567 0.010134 -0.022514 0.050248 0.27061 0.16482 0.1704 0.2998 0.036131 -0.053023 -0.15369 -0.10248 -0.18646 -0.060532 -0.0084267 -0.28319 0.094111 0.029049 -0.031043 -0.10131 0.051979
0.1475 -0.037548 0.37627 -0.052204 0.01396 -0.1944 -0.1064 0.0020944 -0.22778 0.20494 0.12705 -0.14938 -0.31041 0.10981 -0.16346 0.11766 -0.041867 0.0083455 -0.043723 -0.053692 -0.057826 -0.14781 0.18729 0.035609 0.011227 0.0072072
0.13232 0.26191 0.095079 0.14407 0.024851 0.1563 0.02712 0.050624 0.13186 0.14194 0.016339 0.025067 0.094159 0.072062 0.10633 0.51378 0.1788 0.10777 0.064924 0.087835 -0.15754 0.13137 -0.11328 -0.14395 -0.060251 0.17288
0.1106 0.25151 -0.068601 -0.12254 -0.097816 0.016525 -0.17166 -0.0083939 0.090429 0.05991 0.40303 -0.035935 -0.07454 -0.25421 0.1359 -0.19204 0.24021 -0.14992 0.52811 -0.10894 0.11634 -0.07456 0.075261 0.010413 0.065343 -0.11135
0.058065 0.14862 -0.065479 -0.24859 0.060806 -0.030687 -0.15916 -0.077939 -0.012779 -0.11869 -0.086317 0.11779 -0.083011 3.2385e-05 -0.12198 -0.059174 0.53862 0.023926 -0.38644 0.033262 0.069512 -0.11125 -0.012047 -0.011179 0.028206 -0.0057207
0.0085753 0.033449 -0.017526 -0.11979 0.10664 -0.085568 0.039733 0.2171 0.033037 -0.018465 -0.057108 0.019005 -0.03273 0.19598 -0.059545 0.0072371 0.17948 -0.21988 0.14692 -0.32793 -0.0021933 0.20459 0.014328 0.025935 0.020638 -0.0091062
0.00053354 0.0082398 -0.0055602 -0.04495 0.086113 -0.052705 0.06917 0.24301 0.075142 0.015343 0.10284 -0.010873 -0.021979 -0.11837 0.04213 0.061257 -0.11072 0.064991 -0.1134 0.15675 0.063423 -0.071552 0.026786 -0.030189 -0.016771 -0.0036287
0.17169 -0.085024 -0.12624 0.099076 0.019536 -0.15139 -0.039375 0.0086341 0.055493 0.054928 0.07259 0.064003 0.032067 -0.058448 -0.021028 -0.060065 -0.02117 0.069337 -0.090072 -0.10692 -0.00036096 0.042341 0.035581 0.02321 -0.045363 -0.11683
0.17311 -0.092596 -0.10316 0.057152 0.0092138 -0.11825 -0.013346 -0.05631 0.029407 -0.0097081 -0.05265 -0.09823 0.024953 0.10023 -0.067602 -0.089033 0.087426 0.17622 0.16949 -0.056215 -0.025516 -0.28097 -0.11789 -0.059556 -0.067861 0.0055518
0.17855 -0.10628 -0.038921 -0.054831 -0.030821 0.049884 0.1009 -0.01004 0.003442 0.025346 -0.12556 -0.15323 -0.10447 0.066657 -0.040388 -0.10511 0.1333 0.13443 0.067284 0.20066 0.093916 0.1541 0.40113 -0.040032 -0.055251 0.046958
0.18223 -0.10212 0.05024 -0.18721 0.009551 0.33056 0.16803 0.010486 0.16 0.095856 -0.10643 -0.24629 0.041567 -0.11445 0.093878 0.059505 -0.019059 0.13403 -0.0737 -0.24012 0.10623 -0.25774 0.071852 -0.070726 -0.00023855 0.057644
0.16982 -0.12597 0.32779 -0.18198 0.030555 0.024444 0.043495 -0.060558 -0.2088 -0.011014 0.32703 0.23252 0.40526 0.24885 -0.014508 -0.20591 0.079611 0.046921 -0.11708 0.10357 0.20863 -0.07587 0.045607 0.02904 0.022257 -0.020371
0.15428 0.13457 0.28908 0.19837 0.25428 0.055988 -0.24367 0.12251 -0.23405 0.16337 -0.13303 -0.34405 0.019584 -0.21729 0.23767 -0.31769 0.051619 0.0020844 -0.10123 0.037007 -0.18076 0.19015 -0.14058 0.054415 -0.02284 0.011386
0.1416 0.35624 -0.054696 0.16268 -0.042952 0.14566 0.27552 0.060166 -0.17264 0.047971 0.15994 0.037051 0.16642 0.15045 -0.00065783 0.15147 0.099265 0.32108 0.031726 -0.038047 0.18407 0.06654 0.010798 0.12417 0.030461 -0.049869
0.10942 0.27302 -0.12179 -0.24743 -0.026836 -0.093512 -0.11011 -0.17342 0.016944 0.059336 0.039357 -0.07347 -0.0064858 0.11431 0.29693 0.013399 -0.12753 0.060535 -0.14099 0.069874 -0.22687 -0.16313 -0.082031 0.029637 -0.0029024 -0.036849
0.055683 0.14265 -0.066245 -0.28685 0.20087 -0.099077 -0.030881 -0.067379 -0.18296 0.061174 -0.20291 0.15143 0.13146 -0.24832 -0.22328 0.12216 0.035802 -0.0049003 0.15314 0.079462 0.1871 -0.0062891 -0.057695 0.028856 -0.029734 0.038777
0.0085675 0.035145 -0.02043 -0.14212 0.15482 -0.12195 0.082731 0.31787 0.057112 0.01928 -0.053959 0.010671 -0.005069 0.28739 -0.01576 -0.061445 0.12984 -0.15804 0.052912 -0.11516 -0.10363 0.06722 -0.094184 -0.0050249 0.030797 -0.01915
0.00068335 0.011013 -0.0071737 -0.063806 0.12723 -0.0727 0.1066 0.34853 0.096932 0.023255 0.14808 -0.029672 -0.034666 -0.13457 0.068961 0.0060075 -0.078501 0.13082 0.012363 0.17627 0.056772 -0.065926 0.044119 0.00182 0.0058713 -0.023892
0.17169 -0.085024 -0.12624 0.099076 0.019536 -0.15139 -0.039375 0.0086341 0.055493 0.054928 0.07259 0.064003 0.032067 -0.058448 -0.021028 -0.060065 -0.02117 0.069337 -0.090072 -0.10692 -0.00036096 0.042341 0.035581 0.02321 -0.045363 -0.11683
0.17391 -0.092238 -0.1079 0.053042 0.0083682 -0.10028 -0.0016323 -0.057324 0.045701 -0.01323 -0.057147 -0.044233 0.022603 0.14112 -0.002128 -0.076226 0.10613 0.25262 0.18341 0.013968 -0.16971 -0.11907 -0.015491 -0.15656 -0.13972 0.095875
0.18094 -0.10545 -0.048732 -0.034136 -0.0073839 0.028085 0.16168 -0.047672 0.085111 -0.054108 -0.14547 0.053998 -0.26169 -0.0065995 -0.010039 -0.18212 0.093961 -0.022983 0.030049 0.42088 0.19661 0.21059 -0.10754 0.094998 0.043414 0.010597
0.18634 -0.10265 0.028792 -0.13792 0.096987 0.26962 0.24246 -0.099104 0.35314 -0.16471 -0.062424 0.15383 -0.0098695 -0.096332 0.14953 -0.090382 -0.084289 -0.16168 0.019241 0.02726 -0.17606 -0.073627 -0.010308 0.06144 0.078552 -0.059324
0.1762 -0.15911 0.4339 -0.11125 0.16289 -0.19783 0.12134 -0.22308 0.080539 -0.39516 0.24555 0.0059987 -0.1944 -0.083647 -0.0086773 0.24108 -0.030256 0.097576 0.12541 -0.084136 -0.12251 0.19126 -0.15236 0.00025546 -0.032498 0.018262
0.15929 0.23551 0.12824 0.39708 0.53206 0.20059 -0.17456 -0.097485 0.20249 -0.086431 -0.14238 0.21137 -0.089938 0.14639 -0.093018 -0.077346 -0.097895 -0.05281 0.03668 -0.031713 0.20713 -0.14063 0.12948 -0.011809 0.03867 -0.084653
0.14776 0.37379 -0.12029 0.19753 -0.081009 -0.073203 0.54108 -0.10162 -0.16356 -0.11858 0.15511 -0.15724 -0.11361 -0.072796 -0.3179 -0.18489 -0.075946 -0.2555 -0.13732 -0.013955 -0.17284 -0.061189 -0.006031 -0.023981 -0.018209 0.0093245
0.11005 0.28031 -0.14722 -0.26333 0.031226 -0.17133 -0.039813 -0.28734 0.079065 0.0059135 -0.022571 -0.091177 -0.10161 0.23915 0.37115 -0.045738 -0.2626 -0.0034517 -0.05858 -0.016302 0.17739 0.23246 0.065876 -0.018112 -0.022369 0.037891
0.055667 0.1382 -0.070075 -0.28181 0.26229 -0.13723 0.033833 -0.056868 -0.18692 0.062449 -0.22857 0.14307 0.14737 -0.29151 -0.19901 0.07392 -0.22606 0.13269 0.11959 0.013042 -0.15762 -0.037979 0.054549 -0.021115 0.0016447 0.01996
0.008816 0.035143 -0.02239 -0.14459 0.17767 -0.14374 0.10387 0.34857 0.083861 0.0058528 -0.068685 0.0076111 -0.016877 0.31179 0.0022599 -0.10137 -0.028023 -0.060594 -0.023918 -0.019969 -0.086276 0.014749 -0.084209 -0.001803 -0.029868 0.045839
0.00073802 0.012027 -0.0077707 -0.07059 0.14184 -0.079928 0.11978 0.3867 0.10519 0.025926 0.16412 -0.035928 -0.039038 -0.14109 0.078017 -0.010545 -0.069556 0.15168 0.051658 0.18323 0.054278 -0.064076 0.076697 0.023467 -0.013507 -0.028776
,,,,,
S,c,o,r,e,s
                         
2251.7 805.16 -152.24 119.5 -440.31 -52.793 -304.96 200.09 148.1 -19.905 -60.123 61.785 25.285 -18.361 -31.229 78.544 -38.643 -48.714 -31.495 1.4568 -0.060139 -0.096122 -7.2451e-13 1.0064e-15 1.0107e-15 2.2922e-15
4268.6 1737.5 -188.9 -108.43 42.145 -166.22 -36.238 -222.06 68.463 47.276 70.027 -2.9748 -22.297 -55.435 2.9956 13.85 36.871 -15.578 11.887 32.665 16.103 -6.1089 -7.2451e-13 1.0064e-15 1.0107e-15 2.2922e-15
28119 1270.4 294.85 -211.27 -25.134 586.32 36.646 38.26 -192.4 -190.53 -65.927 -19.135 -0.21353 11.151 10.75 -2.4609 3.3852 -10.361 4.4527 0.58364 -0.053657 -0.57467 -7.2451e-13 1.0064e-15 1.0107e-15 2.2922e-15
21314 498.1 -365.93 545.07 189.93 -371.16 60.51 -171.79 45.265 282.82 -19.387 13.178 65.044 11.163 -13.25 -16.523 -39.895 28.344 -5.2222 -2.69 -4.5838 1.1552 -7.2451e-13 1.0064e-15 1.0107e-15 2.2922e-15
-4976.5 2289.8 -213.82 -610.69 -15.596 -13.663 -101.52 -273.33 -66.708 -120.28 79.701 23.542 -44.01 -118.19 37.426 1.7456 -34.828 48.811 -29.611 -7.5238 -0.51145 -0.29512 -7.2451e-13 1.0064e-15 1.0107e-15 2.2922e-15
3049.3 1911.9 -172.22 -254.77 32.261 -173.77 -122.32 -191.53 32.977 45.535 69.727 14.714 -32.058 -44.601 -38.904 20.289 61.492 -37.773 23.409 -25.001 -8.5871 5.7582 -7.2451e-13 1.0064e-15 1.0107e-15 2.2922e-15
-5119 227 -417.12 150.93 -264.31 123.09 558.79 -53.024 9.5175 -14.163 -29.463 -46.599 2.5751 -31.114 -104.43 -59.39 -0.69364 -24.019 -20.97 -6.3107 5.3661 -9.8289 -7.2451e-13 1.0064e-15 1.0107e-15 2.2922e-15
-6458 1082.8 -51.343 262.43 -58.253 -3.0215 161.01 -89.424 -14.175 -36.331 85.32 -17.167 0.55959 30.738 60.424 10.251 -47.913 -29.39 28.778 2.9348 -20.672 -14.626 -7.2451e-13 1.0064e-15 1.0107e-15 2.2922e-15
-6574.5 844.47 -186.86 309.92 -53.901 49.152 250.15 -40.078 -48.198 -45.902 -25.246 -40.185 -24.546 -8.7047 -35.605 -2.7851 -7.7015 -1.2173 -0.71359 20.303 -17.263 21.546 -7.2451e-13 1.0064e-15 1.0107e-15 2.2922e-15
-3992.4 598.16 -239.73 511.22 -71.293 -2.0028 292.07 -45.898 -23.418 22.238 12.19 -66.97 -21.385 29.212 88.329 11.874 -30.242 -27.755 7.669 -12.359 24.101 10.542 -7.2451e-13 1.0064e-15 1.0107e-15 2.2922e-15
-3839.8 173.43 -775.82 774.56 -123.11 -196.24 240.17 87.121 -117.68 -61.635 -122.6 -30.939 38.381 3.1886 9.206 79.114 51.651 49.68 0.36923 -3.0009 -1.3405 -6.1058 -7.2451e-13 1.0064e-15 1.0107e-15 2.2922e-15
-6877.4 1140.7 729.57 502.42 588.48 402.69 -69.541 -69.525 99.015 13.341 -45.152 87.121 8.7836 22.664 -7.6157 -0.49683 6.0198 6.4634 -3.0256 -1.3698 1.5533 -0.84564 -7.174e-13 -8.5027e-13 2.1123e-12 1.37e-12
938.56 -2803.9 1108 -526.11 -58.265 83.228 87.801 -80.351 159.31 17.345 -27.113 -124.3 15.356 -12.552 5.6338 22.455 1.2633 10.733 1.5402 -0.99873 -1.7334 0.033174 -7.1247e-13 -2.3497e-13 1.046e-13 -6.4875e-13
-252.42 -1509.7 1247.7 337.3 77.19 -351.14 -116.94 54.494 -189.55 -20.113 49.833 12.396 -75.482 16.369 -32.084 -0.27487 -7.4788 -2.0088 -2.6859 0.09121 2.5885 -1.3711 -7.2333e-13 -1.6596e-12 -1.5637e-12 1.3502e-12
-1044.4 -1737.9 308 -39.603 -217.8 -172.08 45.466 55.968 -8.1343 -43.678 -44.912 126.75 88.661 -49.587 47.581 -38.957 16.362 -9.4107 2.6878 0.7975 -1.1831 1.7986 -7.1352e-13 1.8848e-12 -4.1131e-13 1.7271e-12
-4927 1608.4 -345.66 -1120.1 -0.52149 -378.85 -109.8 -201.08 -16.359 -54.645 -189.76 13.143 -7.3221 156.86 1.9871 -19.228 2.3926 -2.6888 -6.1444 1.2762 1.2223 -0.51503 -7.2451e-13 1.0064e-15 1.0107e-15 2.2922e-15
3737.1 916.93 -65.025 537.4 -453.65 53.003 -152.22 136.63 162.5 -7.7667 165.85 -56.766 -49.976 84.495 54.009 -44.064 47.531 12.504 -30.653 0.049691 -5.7557 -0.37923 -7.2451e-13 1.0064e-15 1.0107e-15 2.2922e-15
-744.55 1051.1 -220.17 155.91 -564.07 30.912 -232.03 175.24 167.92 -89.67 -23.751 25.649 -37.008 -2.8141 -54.809 -26.321 -30.564 45.501 46.027 -2.3443 7.3336 1.0393 -7.2451e-13 1.0064e-15 1.0107e-15 2.2922e-15
-10024 1748.8 337.53 -577.68 -434.85 427.46 -184 155.71 -250.1 305.11 33.814 -34.074 70.671 5.0761 -3.9314 1.3261 5.3578 7.2562 2.8332 1.6186 1.3517 -0.3124 -7.2451e-13 1.0064e-15 1.0107e-15 2.2922e-15
1790.2 1995.4 -187.01 -854.79 741.39 -259.88 295.27 570.87 69.805 6.3205 64.581 -10.82 -8.1567 -18.111 7.0214 -0.81164 -2.4813 4.3978 0.64596 0.027869 -0.12855 0.010422 -7.2451e-13 1.0064e-15 1.0107e-15 2.2922e-15
-6877.4 1140.7 729.57 502.42 588.48 402.69 -69.541 -69.525 99.015 13.341 -45.152 87.121 8.7836 22.664 -7.6157 -0.49683 6.0198 6.4634 -3.0256 -1.3698 1.5533 -0.84564 -7.3162e-13 8.5228e-13 -2.1103e-12 -1.3655e-12
938.56 -2803.9 1108 -526.11 -58.265 83.228 87.801 -80.351 159.31 17.345 -27.113 -124.3 15.356 -12.552 5.6338 22.455 1.2633 10.733 1.5402 -0.99873 -1.7334 0.033174 -7.3655e-13 2.3698e-13 -1.0258e-13 6.5333e-13
-252.42 -1509.7 1247.7 337.3 77.19 -351.14 -116.94 54.494 -189.55 -20.113 49.833 12.396 -75.482 16.369 -32.084 -0.27487 -7.4788 -2.0088 -2.6859 0.09121 2.5885 -1.3711 -7.2569e-13 1.6617e-12 1.5657e-12 -1.3456e-12
-1044.4 -1737.9 308 -39.603 -217.8 -172.08 45.466 55.968 -8.1343 -43.678 -44.912 126.75 88.661 -49.587 47.581 -38.957 16.362 -9.4107 2.6878 0.7975 -1.1831 1.7986 -7.3549e-13 -1.8827e-12 4.1333e-13 -1.7225e-12
1425.7 -4314 -1307.2 -510.18 17.412 278.22 176.86 -79.104 -18.153 2.0022 192.44 151.46 -10.341 74.346 -29.136 35.609 -4.2362 11.421 1.0612 0.76312 2.6275 1.776 -7.2451e-13 1.0064e-15 1.0107e-15 2.2922e-15
-751.37 -3049.1 -1395.3 52.453 200.66 189.94 -233.45 90.396 -17.165 134.67 -174.86 -23.189 -158.45 -59.566 37.914 -23.558 2.6363 -11.52 0.012236 0.76493 -4.2866 -2.8141 -7.2451e-13 1.0064e-15 1.0107e-15 2.2922e-15
-4076.3 -1574.4 -1134.6 280.52 501.99 -45.887 -488.51 -8.159 -61.455 -138.94 72.152 -158.58 138.61 -3.12 -25.8 -22.913 -6.4515 -10.452 0.63221 -0.25334 2.6864 0.59897 -7.2451e-13 1.0064e-15 1.0107e-15 2.2922e-15
,,,,,,,
V,a,r,i,a,n,c,e

6.5556e+07
3.3707e+06
5.1206e+05
2.3529e+05
1.0352e+05
67521
48439
28579
13742
11178
7891.5
5659.3
3539.2
2709.8
1677.2
1019
746.59
584.38
272.7
92.261
70.802
39.234
5.4513e-25
5.4513e-25
5.4513e-25
5.4513e-25
