,,,,,,,,,,,,,,,,,,,
P,r,i,n,c,i,p,a,l, ,C,o,m,p,o,n,e,n,t,s
    
0.34265 0.26434 -0.24974 -0.088649 0.1175
0.33754 0.2492 -0.21495 -0.11846 0.066278
0.32934 0.2222 -0.16006 -0.11379 0.018676
0.31757 0.18161 -0.086524 -0.074961 -0.0015004
0.30277 0.1319 -0.0056628 -0.022218 -0.03641
0.28546 0.076977 0.075975 0.094286 -0.05633
0.26588 0.017856 0.14987 0.21305 -0.071306
0.24548 -0.041253 0.20938 0.25362 -0.085535
0.2246 -0.096948 0.2525 0.23783 -0.068304
0.20456 -0.14399 0.269 0.16524 -0.033329
0.1863 -0.18005 0.25791 0.064091 0.012874
0.16776 -0.21119 0.2247 -0.042118 0.054441
0.14947 -0.23613 0.17075 -0.13958 0.078365
0.13224 -0.25387 0.10705 -0.21051 0.087368
0.11649 -0.26268 0.038761 -0.24492 0.094857
0.10216 -0.26337 -0.031263 -0.24101 0.09018
0.088985 -0.25842 -0.094083 -0.21229 0.071133
0.077006 -0.24812 -0.14932 -0.15358 0.044217
0.066264 -0.23299 -0.19289 -0.074635 0.022823
0.056655 -0.21517 -0.22135 0.0080613 -0.010752
0.048042 -0.19503 -0.23544 0.094725 -0.032551
0.040345 -0.17343 -0.2368 0.15111 -0.031182
0.033556 -0.15082 -0.22811 0.19914 -0.024548
0.027612 -0.1286 -0.20966 0.22442 -0.0097754
0.022356 -0.10716 -0.18567 0.23842 0.012843
0.0177 -0.08705 -0.15782 0.23581 0.038139
0.013599 -0.068514 -0.12913 0.2188 0.062911
0.0099379 -0.051951 -0.10173 0.20267 0.082552
0.006544 -0.037595 -0.076547 0.18149 0.099033
0.0035447 -0.024802 -0.051987 0.15475 0.11165
0.00071674 -0.013707 -0.031736 0.13394 0.12357
-0.0018483 -0.0043775 -0.014177 0.11147 0.13391
-0.0043491 0.0036428 0.00077103 0.092413 0.13952
-0.0066752 0.010611 0.013068 0.075654 0.15142
-0.0088444 0.016533 0.023614 0.058555 0.16513
-0.011006 0.022113 0.032302 0.046766 0.18081
-0.01312 0.026764 0.0402 0.037547 0.1999
-0.015065 0.030988 0.046074 0.032165 0.22233
-0.016871 0.034733 0.050877 0.030633 0.24513
-0.018655 0.037798 0.055696 0.028186 0.26443
-0.020157 0.040646 0.059226 0.029913 0.27525
-0.02142 0.043037 0.06092 0.029324 0.28699
-0.022436 0.044498 0.062319 0.028643 0.2793
-0.023123 0.045492 0.062514 0.025316 0.25108
-0.023484 0.045954 0.063224 0.017995 0.21018
-0.02352 0.045646 0.062852 0.012784 0.15832
-0.023051 0.044775 0.061225 -0.00048027 0.10564
-0.022262 0.043013 0.059737 -0.0087185 0.047027
-0.021206 0.040908 0.057233 -0.01659 -0.011585
-0.019865 0.038275 0.055227 -0.019531 -0.062807
-0.018342 0.03525 0.052766 -0.022766 -0.094711
-0.016668 0.032256 0.04947 -0.022232 -0.11258
-0.014906 0.028872 0.045575 -0.022411 -0.11772
-0.013137 0.025555 0.043151 -0.011615 -0.11576
-0.011499 0.022393 0.040045 -0.012515 -0.10442
-0.0099181 0.019238 0.037329 -0.010686 -0.094733
-0.0084748 0.01644 0.034096 -4.5017e-05 -0.084178
-0.0072068 0.014193 0.030768 0.0043735 -0.076378
-0.0060679 0.012059 0.027779 0.0052124 -0.066726
-0.0050405 0.01016 0.025078 0.0044291 -0.056146
-0.0042105 0.0086372 0.023091 0.0079482 -0.051278
-0.0035701 0.0070147 0.019876 0.0085218 -0.046199
-0.0029506 0.0059671 0.018159 0.0073043 -0.041864
-0.0023872 0.0050212 0.016742 0.010633 -0.030601
-0.0020048 0.004166 0.014674 0.0095352 -0.033625
-0.0016891 0.0034148 0.013235 0.013218 -0.032937
-0.0013112 0.0031576 0.011918 0.007069 -0.022284
-0.0010741 0.0024801 0.010821 0.0087265 -0.023675
-0.00084696 0.0021952 0.0095726 0.012046 -0.025606
-0.00069328 0.0017763 0.008694 0.010138 -0.024807
-0.00049921 0.0015547 0.0077015 0.010195 -0.024762
-0.00038326 0.0014922 0.0064454 0.0077431 -0.029855
-0.00027717 0.0011497 0.0062015 0.010064 -0.02816
-0.00018276 0.00092473 0.0058337 0.0062384 -0.022803
-0.00014727 0.00077255 0.0049321 0.0017672 -0.020651
-7.3647e-05 0.00073602 0.0043024 0.0015941 -0.023755
8.1122e-06 0.00068752 0.0043017 0.0052537 -0.028801
4.2968e-05 0.00057147 0.0037934 0.0096737 -0.031636
0.00015891 0.00055809 0.0030105 0.0042144 -0.028309
0.00030855 0.00048736 0.0034682 0.0071271 -0.026075
0.00033331 0.00028823 0.0024213 0.0058981 -0.035559
0.00039976 0.00019756 0.0020876 0.0052669 -0.03518
0.00048684 3.9925e-05 0.0018026 0.0093909 -0.034386
0.00055111 0.00013277 0.0025689 0.0069218 -0.038554
0.00060737 7.0952e-05 0.0016807 0.0084573 -0.039702
0.00067668 1.876e-05 0.0019845 0.013609 -0.042358
0.00076233 -0.00015811 0.0013808 0.014842 -0.040046
0.00090795 -0.0002578 0.0024768 0.01893 -0.041454
0.00090876 -0.0001953 0.0017723 0.013705 -0.035434
0.00092619 -0.00022873 0.0017547 0.014412 -0.032642
0.0010218 -0.0002051 0.0022416 0.016463 -0.033177
0.0010273 -0.0001569 0.001922 0.018179 -0.031052
0.0011113 -7.4468e-05 0.0020089 0.016498 -0.023177
0.0011665 -0.00024822 0.0026097 0.016584 -0.022957
0.0012769 -0.00019786 0.0021303 0.017225 -0.016633
0.0012924 -0.00027714 0.0026766 0.013108 -0.014013
0.0013997 -0.00059109 0.003812 0.0092322 -0.011196
0.0015271 -0.00049264 0.0036891 0.012906 -0.015905
0.0016229 -0.00069836 0.00364 0.011972 -0.012066
0.0017604 -0.00078608 0.0041069 0.012227 -0.011531
0.001929 -0.00098293 0.0048818 0.010922 -0.013144
0.0020894 -0.0011051 0.0045384 0.016608 -0.016112
0.0022299 -0.001325 0.0053827 0.017246 -0.018987
0.0023394 -0.0013371 0.0056079 0.023111 -0.018682
0.0024648 -0.0014419 0.006084 0.02071 -0.019847
0.0025299 -0.0016803 0.0070614 0.025787 -0.022429
0.0026693 -0.0016635 0.0072405 0.028451 -0.02647
0.0027293 -0.001645 0.0086642 0.033723 -0.025442
0.0028113 -0.0015457 0.0088256 0.038041 -0.021037
0.0028159 -0.0014521 0.0099598 0.039559 -0.02126
0.0028644 -0.0013254 0.010199 0.047772 -0.019209
0.0028606 -0.0012557 0.010526 0.052614 -0.021819
0.0028224 -0.00093551 0.011228 0.049546 -0.016233
0.0027595 -0.0009504 0.011057 0.052492 -0.018331
0.0026919 -0.00051511 0.011474 0.049726 -0.016205
0.002594 -0.00024331 0.012071 0.053653 -0.015094
0.002531 -0.0001503 0.012649 0.051176 -0.013521
0.0024255 0.00021878 0.01201 0.050787 -0.013526
0.0022879 0.00014917 0.011579 0.04928 -0.010344
0.0021433 0.00034011 0.011373 0.049817 -0.011112
0.002055 0.00057713 0.011028 0.046468 -0.0093565
0.0018754 0.00052026 0.010927 0.04309 -0.0082769
0.0017941 0.00065407 0.010321 0.038948 -0.0062884
0.0016251 0.00060448 0.0096957 0.035927 -0.015159
0.0015282 0.00071895 0.0088549 0.032236 -0.016823
0.0014204 0.00061961 0.0081012 0.029942 -0.013239
0.0012864 0.00044444 0.0071644 0.03075 -0.011777
0.0011715 0.00050702 0.0069476 0.026835 -0.013175
0.0010427 0.00034014 0.0062785 0.023277 -0.015368
0.0009769 0.00028677 0.0054696 0.020439 -0.014431
0.00088111 0.00043378 0.0052427 0.023788 -0.013522
0.00080496 0.00031063 0.0041905 0.019451 -0.015145
0.00067386 0.0001112 0.0043804 0.015219 -0.01342
0.00063111 0.00022994 0.0031992 0.016055 -0.011282
0.00060158 0.00018766 0.0029499 0.015107 -0.011026
0.00054233 4.473e-06 0.0027627 0.0095439 -0.011546
0.00041844 0.00012843 0.0026052 0.014837 -0.011899
0.00042338 -0.00017796 0.0029434 0.0079685 -0.0081222
0.00040649 -0.00011792 0.0020784 0.0091941 -0.0092244
0.00038925 1.4139e-05 0.0017847 0.012154 -0.010985
0.00036144 2.6987e-05 0.0020322 0.0069407 -0.0079169
0.00029356 9.8414e-05 0.0020471 0.0046803 -0.0067783
0.00027475 5.3897e-05 0.0014699 0.0034973 -0.0033049
0.00028686 0.00012961 0.0017367 0.0037392 -0.0063533
0.00026437 -1.588e-05 0.0012266 0.0019977 -0.0058643
0.00025891 -6.4074e-05 0.0015462 0.00028198 -0.0079891
0.00023449 1.3853e-05 0.0015486 0.0027839 -0.0062663
0.00022062 -5.8273e-05 0.0010611 0.0043921 -0.010778
0.00020851 -0.00013398 0.00079424 0.0041502 -0.0077294
0.00022779 -4.1448e-06 0.00076495 0.0048502 -0.014261
0.00021214 2.5701e-05 0.0010032 0.0022937 -0.0094933
0.00021899 -0.00017613 0.0010536 -0.0021658 -0.010293
0.00023149 -0.00023115 0.00047312 -0.0012434 -0.0079347
0.00013729 -0.00023554 0.00030494 -0.00040312 -0.0089173
0.00018965 -0.00011979 0.00049308 0.00055222 -0.0090043
0.00020565 -0.00017245 0.00015681 -0.0016331 -0.0046943
0.00022977 -0.00023708 0.00044963 1.4282e-05 -0.0023268
0.00022451 -0.00018665 0.00045797 0.0019648 -0.0034194
0.00024241 -8.5567e-05 0.00030718 -0.00081931 0.0047346
0.00024016 -0.0001673 0.00069295 0.0015139 0.00023264
0.00018056 -0.00027847 0.001077 -0.0023145 -0.00094557
0.00018636 -0.00030229 0.0001861 -0.0023331 0.0018373
0.00018425 -0.0001775 0.0010099 -0.001756 0.0020388
0.00020162 -0.00015222 0.0012684 -0.0034646 8.2974e-05
0.00020162 -0.00015222 0.0012684 -0.0034646 8.2974e-05
0.00015663 -6.6031e-05 0.00094612 -0.003303 0.0061388
0.00020162 -0.00015222 0.0012684 -0.0034646 8.2974e-05
0.00017707 -0.00023163 0.001306 -0.002214 0.0055219
0.00017701 -0.00017292 0.001582 -0.004629 0.00077359
0.0001682 -1.6928e-05 0.0020954 -0.0049929 0.0014001
0.00015432 -3.9861e-05 0.0020812 -0.0063921 0.0053082
0.00011761 -0.00013627 0.002128 -0.0077984 0.0090473
0.00013551 -8.4378e-05 0.001504 -0.0075751 0.0087816
9.8939e-05 -2.345e-05 0.0015156 -0.0077301 0.0088046
0.00012518 -0.00021287 0.00098463 -0.0066598 0.010971
0.0001304 -0.00020459 0.0012523 -0.011025 0.0073148
9.5255e-05 -0.00012442 0.0015827 -0.0082886 0.0058202
9.5676e-05 1.9614e-05 0.0012522 -0.011187 -0.0019862
4.2972e-05 -2.4127e-05 0.0016353 -0.010407 -0.0025572
5.4135e-05 -0.0002103 0.00075218 -0.020192 -0.0038043
-1.8481e-06 0.00011699 0.0010967 -0.016218 -0.018508
3.967e-05 7.2147e-05 0.0010799 -0.0036334 -0.0034771
9.4505e-05 -0.00028769 0.00012144 -0.014649 0.0086538
0 0 0 -0 -0
5.2678e-06 -5.043e-05 -8.3372e-06 -0.0019505 0.0010926
0 0 0 -0 -0
0 0 0 -0 -0
0 0 0 -0 -0
0 0 0 -0 -0
0 0 0 -0 -0
,,,,,
S,c,o,r,e,s
    
-1375.1 246.29 10.688 -10.337 -15.63
140.04 -388.82 -153.75 16.938 -4.8112
1801.4 541.28 -37.209 0.10405 0.94573
-1510.7 202.57 -3.614 8.0698 15.758
415.66 -371.51 -5.0757 -28.548 6.1154
528.74 -229.81 188.96 13.774 -2.3786
,,,,,,,
V,a,r,i,a,n,c,e

1.5781e+06
1.4734e+05
12176
292.72
111.94
