,,,,,,,,,,,,,,,,,,,
P,r,i,n,c,i,p,a,l, ,C,o,m,p,o,n,e,n,t,s
 
0.031835 -0.025412
0.030508 -0.029137
0.030259 -0.030805
0.030144 -0.032324
0.030264 -0.033179
0.029731 -0.033729
0.029156 -0.03401
0.029077 -0.033424
0.027566 -0.034704
0.026157 -0.035447
0.024899 -0.036641
0.022832 -0.038756
0.020987 -0.040398
0.019223 -0.041763
0.017631 -0.043296
0.016063 -0.04452
0.014874 -0.044789
0.013417 -0.045357
0.011881 -0.046155
0.010916 -0.045903
0.0097492 -0.045888
0.0083689 -0.046251
0.0076207 -0.046388
0.0073181 -0.046323
0.0069745 -0.045989
0.0067025 -0.04552
0.006375 -0.044972
0.0062161 -0.043009
0.0064063 -0.040494
0.0069047 -0.036344
0.0074927 -0.031822
0.0081864 -0.026715
0.0090467 -0.021032
0.0093718 -0.015108
0.0090865 -0.0091253
0.0083806 -0.0030129
0.0076282 0.0032976
0.0069097 0.009244
0.0051655 0.01545
0.0040962 0.021636
0.0030805 0.027719
0.0019481 0.031445
0.00039475 0.03367
-0.00049305 0.034127
-0.0019664 0.033345
-0.0025 0.032795
-0.0031843 0.030251
-0.0030774 0.0276
-0.0032284 0.023978
-0.0027976 0.020731
-0.0027821 0.017685
-0.0026357 0.015556
-0.0025573 0.01334
-0.0023964 0.012215
-0.0024073 0.011258
-0.0024254 0.010206
-0.0022825 0.0088442
-0.0020983 0.0080281
-0.001948 0.0075762
-0.0017458 0.0069973
-0.0014722 0.0057376
-0.0011698 0.0048574
-0.001075 0.004485
-0.001084 0.0043664
-0.001075 0.004485
-0.0010195 0.0044055
-0.0010804 0.0044138
-0.00096225 0.0043498
-0.00091395 0.0041754
-0.00086924 0.0039536
-0.00095164 0.0036772
-0.00085863 0.003281
-0.00080494 0.0031778
-0.00081033 0.0031066
-0.00067963 0.0032086
-0.0004486 0.0038243
-0.00025868 0.0047092
-6.3383e-05 0.0056652
7.8079e-05 0.0059096
0.00021236 0.0060591
0.00031629 0.0066201
0.00017155 0.0079581
-0.00014158 0.008696
-0.00058376 0.0085406
-0.0013175 0.0094077
-0.0016275 0.0077482
-0.0013289 0.0060057
-0.00073675 0.0040793
-0.00033959 0.0028267
-0.00030385 0.0024863
-0.00015177 0.002058
-0.00011424 0.0017413
-1.2257e-05 0.0014638
2.3481e-05 0.0011233
9.1251e-06 0.00093353
-5.2311e-06 0.00074374
-1.9587e-05 0.00055395
-1.5998e-05 0.0006014
-2.856e-05 0.00043533
-2.6765e-05 0.00045906
-2.4971e-05 0.00048278
-2.3176e-05 0.0005065
2.6918e-05 0.00035586
-3.9327e-05 0.00029299
2.8712e-05 0.00037958
-3.7532e-05 0.00031671
-3.7532e-05 0.00031671
-3.7532e-05 0.00031671
-3.7532e-05 0.00031671
-5.5478e-05 7.9475e-05
1.2562e-05 0.00016607
1.0767e-05 0.00014234
1.2562e-05 0.00016607
-0.00010198 0.00027757
1.2562e-05 0.00016607
1.2562e-05 0.00016607
-5.3683e-05 0.0001032
1.2562e-05 0.00016607
-5.3836e-06 -7.1171e-05
-5.3683e-05 0.0001032
-5.3683e-05 0.0001032
1.4356e-05 0.00018979
-3.589e-06 -4.7448e-05
1.4356e-05 0.00018979
1.4356e-05 0.00018979
1.4356e-05 0.00018979
-3.589e-06 -4.7448e-05
-5.1889e-05 0.00012692
-5.1889e-05 0.00012692
6.2656e-05 1.5421e-05
-3.589e-06 -4.7448e-05
-5.1889e-05 0.00012692
-5.1889e-05 0.00012692
-3.589e-06 -4.7448e-05
-5.1889e-05 0.00012692
-3.589e-06 -4.7448e-05
-3.589e-06 -4.7448e-05
-5.0094e-05 0.00015065
-1.7945e-06 -2.3724e-05
-1.7945e-06 -2.3724e-05
-1.7945e-06 -2.3724e-05
-1.7945e-06 -2.3724e-05
1.4356e-05 0.00018979
-5.1889e-05 0.00012692
6.445e-05 3.9145e-05
6.2656e-05 1.5421e-05
6.2656e-05 1.5421e-05
-3.589e-06 -4.7448e-05
-3.589e-06 -4.7448e-05
-5.0094e-05 0.00015065
-5.0094e-05 0.00015065
6.445e-05 3.9145e-05
-3.589e-06 -4.7448e-05
6.445e-05 3.9145e-05
-1.7945e-06 -2.3724e-05
-1.7945e-06 -2.3724e-05
-1.7945e-06 -2.3724e-05
-1.7945e-06 -2.3724e-05
-3.589e-06 -4.7448e-05
-1.7945e-06 -2.3724e-05
-5.0094e-05 0.00015065
-1.7945e-06 -2.3724e-05
0 -0
0 -0
0 -0
0 -0
0 -0
0 -0
0 -0
0 -0
-1.7945e-06 -2.3724e-05
0 -0
0 -0
0 -0
0 -0
0 -0
-4.83e-05 0.00017437
-1.7945e-06 -2.3724e-05
-1.7945e-06 -2.3724e-05
0 -0
0 -0
0.031835 -0.025412
0.029391 -0.030088
0.027715 -0.03355
0.026089 -0.036348
0.024708 -0.038341
0.023819 -0.039538
0.02217 -0.041015
0.021001 -0.041838
0.019778 -0.043373
0.018816 -0.044704
0.017885 -0.045631
0.016496 -0.046928
0.015543 -0.04814
0.014675 -0.049052
0.014684 -0.048934
0.014573 -0.048775
0.014553 -0.049036
0.014474 -0.049265
0.014111 -0.049191
0.013415 -0.049456
0.012804 -0.049396
0.012278 -0.049037
0.0112 -0.04865
0.010488 -0.048313
0.010091 -0.047061
0.010106 -0.044426
0.010475 -0.041169
0.010945 -0.037398
0.011683 -0.032513
0.011945 -0.02742
0.011964 -0.022293
0.011475 -0.017385
0.010874 -0.011502
0.010487 -0.0060566
0.01028 0.00015543
0.0098304 0.0055858
0.0093625 0.011594
0.0089072 0.017768
0.0080688 0.023755
0.006801 0.031382
0.004685 0.039988
0.0028263 0.046305
0.00055885 0.049659
-0.0017802 0.052878
-0.0043932 0.055727
-0.0069295 0.057152
-0.0087806 0.056254
-0.0097674 0.053776
-0.010561 0.051415
-0.010825 0.047928
-0.010813 0.044834
-0.010709 0.042136
-0.010346 0.039618
-0.009953 0.037503
-0.0092233 0.034143
-0.0086491 0.03198
-0.0078924 0.028976
-0.0072197 0.027303
-0.006443 0.02619
-0.0059853 0.023299
-0.0054737 0.02112
-0.0049496 0.019107
-0.0045203 0.017467
-0.0040766 0.016016
-0.003683 0.014716
-0.0032912 0.013392
-0.0029013 0.012045
-0.0025793 0.01061
-0.0022466 0.0093187
-0.0019247 0.0078846
-0.0017173 0.006562
-0.0014418 0.005326
-0.0012163 0.0050555
-0.00097302 0.0042074
-0.00087462 0.0038824
-0.00072598 0.0042216
-0.00062026 0.0048064
-0.00035872 0.0058254
-0.00011332 0.0066308
0.00011951 0.0072702
3.2032e-05 0.0085524
-0.00025433 0.0088312
-0.00059976 0.009142
-0.0012299 0.0089403
-0.0018581 0.0095773
-0.0016597 0.0081361
-0.0013646 0.0063461
-0.00098722 0.0048325
-0.00052935 0.0027567
-0.00039522 0.0020913
-0.00024314 0.001663
-0.0001591 0.0011482
-0.00010542 0.001045
-3.4366e-06 0.00076746
1.5247e-07 0.00081491
5.2041e-05 0.00068799
-1.2409e-05 0.00064885
-8.8201e-06 0.00069629
-7.327e-05 0.00065715
4.3069e-05 0.00056937
-2.1382e-05 0.00053023
2.5123e-05 0.00033213
-3.9327e-05 0.00029299
-3.7532e-05 0.00031671
-3.7532e-05 0.00031671
-3.7532e-05 0.00031671
-3.7532e-05 0.00031671
-3.5738e-05 0.00034044
-3.7532e-05 0.00031671
1.4356e-05 0.00018979
1.2562e-05 0.00016607
1.2562e-05 0.00016607
-5.3683e-05 0.0001032
-5.1889e-05 0.00012692
-5.1889e-05 0.00012692
1.2562e-05 0.00016607
-5.1889e-05 0.00012692
1.4356e-05 0.00018979
-5.1889e-05 0.00012692
-5.1889e-05 0.00012692
1.4356e-05 0.00018979
-5.1889e-05 0.00012692
-5.1889e-05 0.00012692
1.4356e-05 0.00018979
1.4356e-05 0.00018979
1.4356e-05 0.00018979
-3.589e-06 -4.7448e-05
-5.1889e-05 0.00012692
-5.1889e-05 0.00012692
-3.589e-06 -4.7448e-05
-3.589e-06 -4.7448e-05
-3.589e-06 -4.7448e-05
-5.1889e-05 0.00012692
-5.1889e-05 0.00012692
-5.1889e-05 0.00012692
-5.1889e-05 0.00012692
-3.589e-06 -4.7448e-05
-5.0094e-05 0.00015065
-1.7945e-06 -2.3724e-05
-5.0094e-05 0.00015065
6.6245e-05 6.2868e-05
-1.7945e-06 -2.3724e-05
-1.7945e-06 -2.3724e-05
-5.0094e-05 0.00015065
-1.7945e-06 -2.3724e-05
-1.7945e-06 -2.3724e-05
-1.7945e-06 -2.3724e-05
-1.7945e-06 -2.3724e-05
-1.7945e-06 -2.3724e-05
-5.1889e-05 0.00012692
-1.7945e-06 -2.3724e-05
6.445e-05 3.9145e-05
-1.7945e-06 -2.3724e-05
6.445e-05 3.9145e-05
-1.7945e-06 -2.3724e-05
-1.7945e-06 -2.3724e-05
-1.7945e-06 -2.3724e-05
-1.7945e-06 -2.3724e-05
0 -0
-1.7945e-06 -2.3724e-05
-3.589e-06 -4.7448e-05
-5.0094e-05 0.00015065
-1.7945e-06 -2.3724e-05
0 -0
-1.7945e-06 -2.3724e-05
0 -0
0 -0
-4.83e-05 0.00017437
0 -0
0 -0
-4.83e-05 0.00017437
-1.7945e-06 -2.3724e-05
-1.7945e-06 -2.3724e-05
0 -0
0 -0
0 -0
0 -0
-1.7945e-06 -2.3724e-05
6.445e-05 3.9145e-05
-1.7945e-06 -2.3724e-05
0 -0
0.031835 -0.025412
0.028754 -0.030384
0.026014 -0.0349
0.023403 -0.038523
0.021523 -0.04143
0.019686 -0.042953
0.018571 -0.043879
0.017105 -0.045381
0.016061 -0.046174
0.01516 -0.046698
0.014983 -0.046602
0.014169 -0.047617
0.013705 -0.048872
0.014066 -0.048969
0.014249 -0.048994
0.014526 -0.049392
0.014148 -0.050323
0.013615 -0.050873
0.013362 -0.051774
0.013129 -0.052413
0.012854 -0.052807
0.013076 -0.05231
0.013142 -0.051432
0.01349 -0.050089
0.013818 -0.048192
0.014026 -0.045441
0.014474 -0.041954
0.014709 -0.038032
0.015193 -0.034071
0.015647 -0.028884
0.016389 -0.023951
0.016864 -0.01848
0.016894 -0.013211
0.016956 -0.0083294
0.016515 -0.0027804
0.015465 0.0020367
0.014422 0.0069488
0.013455 0.012042
0.011659 0.018375
0.0093042 0.025456
0.0067693 0.034214
0.0030745 0.043084
-0.00040581 0.050725
-0.0037469 0.056142
-0.0060627 0.058855
-0.0081927 0.059961
-0.01004 0.059925
-0.011285 0.057291
-0.011765 0.052562
-0.011401 0.046808
-0.01099 0.041671
-0.010232 0.037061
-0.0092737 0.032664
-0.0086782 0.029155
-0.008138 0.027356
-0.0074849 0.025421
-0.0067495 0.023763
-0.0061556 0.02186
-0.0055992 0.020274
-0.0051162 0.018531
-0.0046653 0.017175
-0.0040105 0.015264
-0.0034219 0.01329
-0.002837 0.011269
-0.0021875 0.0092867
-0.0015882 0.0074552
-0.0012018 0.0060602
-0.00084935 0.0050294
-0.00050766 0.0038563
-0.00019633 0.0030948
9.8851e-05 0.0021197
0.0002599 0.0018101
0.00043172 0.0016429
0.00051411 0.0019193
0.00083113 0.0028587
0.0012252 0.0040034
0.0016693 0.0049974
0.0019272 0.0059689
0.0014172 0.0065418
0.00051697 0.0076474
-0.00017044 0.0075015
-0.00086325 0.0072844
-0.0013733 0.0078573
-0.0012857 0.00739
-0.0005899 0.0043948
-0.00016418 0.0027069
-0.00019289 0.0023273
-0.0002717 0.0020984
-0.00023596 0.0017579
-0.00015372 0.0012194
-5.1736e-05 0.00094183
-4.8147e-05 0.00098928
-6.2503e-05 0.00079949
-1.2409e-05 0.00064885
-2.856e-05 0.00043533
-2.4971e-05 0.00048278
-8.9421e-05 0.00044363
-2.3176e-05 0.0005065
-4.1122e-05 0.00026926
-2.3176e-05 0.0005065
-3.9327e-05 0.00029299
-3.9327e-05 0.00029299
-3.7532e-05 0.00031671
-3.7532e-05 0.00031671
1.0767e-05 0.00014234
-3.7532e-05 0.00031671
-3.5738e-05 0.00034044
1.0767e-05 0.00014234
1.0767e-05 0.00014234
1.0767e-05 0.00014234
1.2562e-05 0.00016607
1.2562e-05 0.00016607
1.2562e-05 0.00016607
-5.3683e-05 0.0001032
-5.3683e-05 0.0001032
1.2562e-05 0.00016607
-5.3683e-05 0.0001032
1.2562e-05 0.00016607
1.4356e-05 0.00018979
1.2562e-05 0.00016607
-5.1889e-05 0.00012692
-5.1889e-05 0.00012692
-5.1889e-05 0.00012692
1.4356e-05 0.00018979
6.2656e-05 1.5421e-05
1.2562e-05 0.00016607
-5.1889e-05 0.00012692
-5.1889e-05 0.00012692
-5.1889e-05 0.00012692
1.4356e-05 0.00018979
-3.589e-06 -4.7448e-05
-5.1889e-05 0.00012692
-5.1889e-05 0.00012692
-5.1889e-05 0.00012692
-5.1889e-05 0.00012692
-5.1889e-05 0.00012692
-3.589e-06 -4.7448e-05
-5.0094e-05 0.00015065
-1.7945e-06 -2.3724e-05
-1.7945e-06 -2.3724e-05
-1.7945e-06 -2.3724e-05
0 -0
6.2656e-05 1.5421e-05
-5.0094e-05 0.00015065
6.445e-05 3.9145e-05
6.445e-05 3.9145e-05
-1.7945e-06 -2.3724e-05
-1.7945e-06 -2.3724e-05
-1.7945e-06 -2.3724e-05
1.6151e-05 0.00021351
-5.0094e-05 0.00015065
-1.7945e-06 -2.3724e-05
-1.7945e-06 -2.3724e-05
-5.0094e-05 0.00015065
-1.7945e-06 -2.3724e-05
-1.7945e-06 -2.3724e-05
-5.0094e-05 0.00015065
-5.0094e-05 0.00015065
-5.0094e-05 0.00015065
-1.7945e-06 -2.3724e-05
-1.7945e-06 -2.3724e-05
0 -0
-1.7945e-06 -2.3724e-05
-5.0094e-05 0.00015065
-1.7945e-06 -2.3724e-05
-4.83e-05 0.00017437
0 -0
1.7945e-05 0.00023724
0 -0
0 -0
0 -0
0 -0
0 -0
0 -0
0 -0
0 -0
0 -0
-1.7945e-06 -2.3724e-05
6.445e-05 3.9145e-05
0 -0
0 -0
0.031835 -0.025412
0.028262 -0.030389
0.025067 -0.035226
0.022351 -0.038619
0.020115 -0.041358
0.01807 -0.043188
0.016795 -0.043781
0.016344 -0.044055
0.015445 -0.044556
0.014677 -0.044954
0.013993 -0.045868
0.01375 -0.046649
0.013719 -0.047867
0.013628 -0.048262
0.013234 -0.048592
0.01303 -0.048852
0.012849 -0.048803
0.013259 -0.049075
0.013771 -0.049624
0.013547 -0.050145
0.013765 -0.049695
0.014217 -0.048606
0.014509 -0.047999
0.014475 -0.047635
0.014707 -0.046996
0.015137 -0.045376
0.015208 -0.043636
0.01541 -0.040956
0.015807 -0.037342
0.015915 -0.033474
0.016112 -0.029235
0.015791 -0.025356
0.01582 -0.020902
0.016255 -0.015976
0.016737 -0.0095938
0.016271 -0.0035621
0.015918 0.0031494
0.014881 0.010577
0.013031 0.017014
0.0097228 0.023673
0.0055872 0.03078
0.0017578 0.03787
-0.0025961 0.045343
-0.0062433 0.050778
-0.0092681 0.053061
-0.011303 0.052979
-0.013147 0.052991
-0.013887 0.052157
-0.014274 0.051107
-0.013875 0.048248
-0.013435 0.045935
-0.012555 0.042124
-0.011655 0.038574
-0.010637 0.034959
-0.0095262 0.031764
-0.0086657 0.029321
-0.0079321 0.027639
-0.0070822 0.025055
-0.0061269 0.02224
-0.0052431 0.019291
-0.0041983 0.016033
-0.0034327 0.013148
-0.002633 0.010714
-0.0019568 0.0082725
-0.0014255 0.0063544
-0.00090841 0.0050615
-0.00064733 0.0036357
-0.00040942 0.0027164
-0.00016972 0.0018208
4.681e-05 0.0014317
0.00027052 0.0011376
0.00031702 0.00093946
0.00055344 0.0016263
0.0009545 0.0020509
0.0014184 0.0033059
0.001542 0.0041279
0.0012485 0.0043118
0.00051652 0.0052026
-0.00020843 0.0053734
-0.00055401 0.0048693
-0.00067917 0.0056534
-0.00076875 0.0052821
-0.00037712 0.0031434
-4.7995e-05 0.0018042
-0.00015536 0.0020106
-0.00029862 0.0017425
-0.00021637 0.001204
-0.00011619 0.00090269
-0.0001126 0.00095014
-0.00013054 0.0007129
-7.8654e-05 0.00058598
-0.0001431 0.00054683
-9.4805e-05 0.00037246
-9.1216e-05 0.00041991
-9.1216e-05 0.00041991
-4.2916e-05 0.00024554
-4.1122e-05 0.00026926
-4.1122e-05 0.00026926
-4.1122e-05 0.00026926
-4.1122e-05 0.00026926
-3.9327e-05 0.00029299
-3.9327e-05 0.00029299
-3.9327e-05 0.00029299
-3.9327e-05 0.00029299
1.0767e-05 0.00014234
1.0767e-05 0.00014234
1.0767e-05 0.00014234
1.0767e-05 0.00014234
1.0767e-05 0.00014234
1.2562e-05 0.00016607
-5.3683e-05 0.0001032
1.0767e-05 0.00014234
-5.3683e-05 0.0001032
1.2562e-05 0.00016607
1.2562e-05 0.00016607
1.2562e-05 0.00016607
1.2562e-05 0.00016607
1.2562e-05 0.00016607
-5.3683e-05 0.0001032
1.2562e-05 0.00016607
-5.1889e-05 0.00012692
1.4356e-05 0.00018979
-5.1889e-05 0.00012692
1.4356e-05 0.00018979
-5.3836e-06 -7.1171e-05
1.4356e-05 0.00018979
1.4356e-05 0.00018979
-5.1889e-05 0.00012692
-3.589e-06 -4.7448e-05
-5.1889e-05 0.00012692
-3.589e-06 -4.7448e-05
-3.589e-06 -4.7448e-05
-5.1889e-05 0.00012692
-5.1889e-05 0.00012692
-5.0094e-05 0.00015065
-3.589e-06 -4.7448e-05
-5.0094e-05 0.00015065
1.6151e-05 0.00021351
-1.7945e-06 -2.3724e-05
-1.7945e-06 -2.3724e-05
-1.7945e-06 -2.3724e-05
-1.7945e-06 -2.3724e-05
-1.7945e-06 -2.3724e-05
-5.0094e-05 0.00015065
6.445e-05 3.9145e-05
-1.7945e-06 -2.3724e-05
-5.0094e-05 0.00015065
-1.7945e-06 -2.3724e-05
-1.7945e-06 -2.3724e-05
0 -0
-1.7945e-06 -2.3724e-05
6.6245e-05 6.2868e-05
-1.7945e-06 -2.3724e-05
-1.7945e-06 -2.3724e-05
-1.7945e-06 -2.3724e-05
-1.7945e-06 -2.3724e-05
-5.0094e-05 0.00015065
-1.7945e-06 -2.3724e-05
-1.7945e-06 -2.3724e-05
-1.7945e-06 -2.3724e-05
-1.7945e-06 -2.3724e-05
-1.7945e-06 -2.3724e-05
0 -0
-1.7945e-06 -2.3724e-05
0 -0
0 -0
-4.83e-05 0.00017437
-4.83e-05 0.00017437
-1.7945e-06 -2.3724e-05
0 -0
-1.7945e-06 -2.3724e-05
0 -0
0 -0
0 -0
0 -0
0 -0
0 -0
-5.0094e-05 0.00015065
-1.7945e-06 -2.3724e-05
-1.7945e-06 -2.3724e-05
0 -0
0.031835 -0.025412
0.028516 -0.029465
0.024861 -0.03388
0.02214 -0.037344
0.020135 -0.039467
0.018246 -0.040863
0.017111 -0.041235
0.016268 -0.041816
0.016033 -0.041664
0.01604 -0.041569
0.015466 -0.04185
0.0151 -0.042615
0.0144 -0.043742
0.013566 -0.044203
0.013061 -0.044374
0.012979 -0.044651
0.012379 -0.045264
0.012247 -0.044575
0.012921 -0.044595
0.013478 -0.044551
0.014214 -0.044579
0.014756 -0.044725
0.01568 -0.044707
0.016493 -0.044531
0.017221 -0.043839
0.017588 -0.04305
0.018088 -0.042136
0.018464 -0.040413
0.018769 -0.03801
0.018648 -0.035549
0.018484 -0.032027
0.018474 -0.02728
0.018289 -0.021598
0.017679 -0.015834
0.016521 -0.0092048
0.014565 -0.0033533
0.012071 0.0035064
0.0092818 0.010526
0.0056688 0.017227
0.002308 0.022383
-0.00094527 0.028148
-0.0043456 0.032783
-0.0070963 0.03625
-0.009083 0.037624
-0.010413 0.037925
-0.011349 0.037741
-0.011543 0.037624
-0.011569 0.037268
-0.011181 0.035896
-0.010485 0.033716
-0.0096697 0.030681
-0.0085837 0.027153
-0.0076499 0.024054
-0.0068574 0.021525
-0.0063099 0.01982
-0.0056551 0.017909
-0.0049626 0.016496
-0.0042505 0.01453
-0.0035438 0.012492
-0.003 0.01074
-0.0024114 0.0087659
-0.0017923 0.0071954
-0.0013397 0.0058633
-0.00095687 0.0044209
-0.0006563 0.0035171
-0.0001893 0.0023748
-3.7228e-05 0.0019465
0.00010947 0.0014472
0.00021324 0.0011933
0.00027769 0.0012325
0.00062327 0.0017366
0.0010906 0.0022241
0.0013681 0.0026417
0.0008579 0.0023997
0.00019201 0.0025384
-0.00063313 0.0030105
-0.0010125 0.0036855
-0.001177 0.0047625
-0.0011071 0.0048729
-0.00063133 0.0030343
-4.2764e-05 0.0010605
6.1014e-05 0.00080661
-1.4204e-05 0.00062512
-7.327e-05 0.00065715
-0.00013593 0.00064173
-8.4038e-05 0.00051481
-8.0449e-05 0.00056225
-7.8654e-05 0.00058598
-3.0354e-05 0.00041161
-9.4805e-05 0.00037246
1.7945e-05 0.00023724
-9.4805e-05 0.00037246
-4.2916e-05 0.00024554
-4.2916e-05 0.00024554
-4.2916e-05 0.00024554
-4.1122e-05 0.00026926
-4.1122e-05 0.00026926
-4.2916e-05 0.00024554
-4.1122e-05 0.00026926
-3.9327e-05 0.00029299
-3.9327e-05 0.00029299
1.0767e-05 0.00014234
8.9726e-06 0.00011862
1.0767e-05 0.00014234
1.0767e-05 0.00014234
1.0767e-05 0.00014234
-5.5478e-05 7.9475e-05
1.0767e-05 0.00014234
1.0767e-05 0.00014234
1.2562e-05 0.00016607
1.2562e-05 0.00016607
1.2562e-05 0.00016607
1.2562e-05 0.00016607
1.2562e-05 0.00016607
1.2562e-05 0.00016607
1.2562e-05 0.00016607
1.2562e-05 0.00016607
1.2562e-05 0.00016607
-3.589e-06 -4.7448e-05
1.4356e-05 0.00018979
1.4356e-05 0.00018979
-5.1889e-05 0.00012692
-5.1889e-05 0.00012692
-5.3683e-05 0.0001032
-5.1889e-05 0.00012692
1.6151e-05 0.00021351
-5.1889e-05 0.00012692
-5.1889e-05 0.00012692
-5.1889e-05 0.00012692
1.4356e-05 0.00018979
-5.1889e-05 0.00012692
-5.1889e-05 0.00012692
-5.1889e-05 0.00012692
-5.1889e-05 0.00012692
-1.7945e-06 -2.3724e-05
-1.7945e-06 -2.3724e-05
-5.0094e-05 0.00015065
6.445e-05 3.9145e-05
-5.0094e-05 0.00015065
-1.7945e-06 -2.3724e-05
1.6151e-05 0.00021351
-5.0094e-05 0.00015065
6.445e-05 3.9145e-05
0 -0
-1.7945e-06 -2.3724e-05
-5.0094e-05 0.00015065
-1.7945e-06 -2.3724e-05
-1.7945e-06 -2.3724e-05
-1.7945e-06 -2.3724e-05
6.445e-05 3.9145e-05
-1.7945e-06 -2.3724e-05
-1.7945e-06 -2.3724e-05
-1.7945e-06 -2.3724e-05
-1.7945e-06 -2.3724e-05
-1.7945e-06 -2.3724e-05
-1.7945e-06 -2.3724e-05
-1.7945e-06 -2.3724e-05
-1.7945e-06 -2.3724e-05
0 -0
-1.7945e-06 -2.3724e-05
-1.7945e-06 -2.3724e-05
-1.7945e-06 -2.3724e-05
-1.7945e-06 -2.3724e-05
0 -0
0 -0
0 -0
0 -0
-5.0094e-05 0.00015065
-1.7945e-06 -2.3724e-05
0 -0
-1.7945e-06 -2.3724e-05
6.6245e-05 6.2868e-05
0 -0
0 -0
0 -0
-4.83e-05 0.00017437
0 -0
-4.83e-05 0.00017437
0 -0
0 -0
0 -0
0.031835 -0.025412
0.028373 -0.028918
0.02496 -0.032575
0.022506 -0.034949
0.020815 -0.036156
0.01936 -0.036701
0.018481 -0.03694
0.017874 -0.036834
0.017266 -0.03675
0.017121 -0.036227
0.016979 -0.035657
0.016561 -0.035504
0.016299 -0.035708
0.015952 -0.035421
0.016 -0.03478
0.016541 -0.03332
0.016962 -0.032634
0.017449 -0.031886
0.018262 -0.031709
0.01887 -0.031792
0.019345 -0.03284
0.020274 -0.032751
0.020322 -0.03374
0.02013 -0.034649
0.019983 -0.035779
0.019734 -0.036632
0.019228 -0.036826
0.01873 -0.036087
0.018086 -0.034849
0.017386 -0.033531
0.016309 -0.029885
0.014157 -0.025828
0.011207 -0.02092
0.0083279 -0.016716
0.0048579 -0.011377
0.0012969 -0.0048029
-0.0021638 0.0022846
-0.0052503 0.0094409
-0.0083904 0.017515
-0.011298 0.026229
-0.013657 0.034053
-0.014691 0.038269
-0.01497 0.040272
-0.014843 0.041142
-0.014641 0.041378
-0.014019 0.040646
-0.01335 0.038925
-0.012162 0.035934
-0.010887 0.032477
-0.0096252 0.028829
-0.0084964 0.025056
-0.0064149 0.02331
-0.0065104 0.019608
-0.0058414 0.017072
-0.0049613 0.014075
-0.0041257 0.012116
-0.0034136 0.010149
-0.0028392 0.0088003
-0.0022219 0.0072061
-0.0017156 0.0057708
-0.0012594 0.0044862
-0.00080315 0.0032015
-0.00049361 0.0024163
-0.00014116 0.0013855
6.6397e-05 0.00087778
0.00022027 0.00047329
0.0003384 0.00040924
0.00052816 0.00047922
0.00089333 0.0004294
0.0013247 0.00044245
0.0012388 0.00011862
0.00047971 -0.00016132
-7.1628e-05 -0.00013404
-0.00080361 0.00075679
-0.0010611 0.00223
-0.00087119 0.0031149
-0.00082274 0.0037555
-0.00088539 0.0037401
-0.00051514 0.0021316
-0.00032554 0.0013867
-0.00037922 0.0014899
-0.00022355 0.0011091
-0.00018961 0.00074493
-0.00013772 0.000618
-0.00013413 0.00066545
-8.2243e-05 0.00053853
-0.0001449 0.00052311
-9.6599e-05 0.00034874
-9.6599e-05 0.00034874
-9.4805e-05 0.00037246
-4.6505e-05 0.00019809
-4.6505e-05 0.00019809
-4.4711e-05 0.00022182
-4.2916e-05 0.00024554
-4.1122e-05 0.00026926
-4.1122e-05 0.00026926
7.1781e-06 9.4895e-05
7.1781e-06 9.4895e-05
7.1781e-06 9.4895e-05
8.9726e-06 0.00011862
-3.9327e-05 0.00029299
8.9726e-06 0.00011862
1.0767e-05 0.00014234
1.0767e-05 0.00014234
1.0767e-05 0.00014234
1.0767e-05 0.00014234
1.0767e-05 0.00014234
1.0767e-05 0.00014234
1.0767e-05 0.00014234
1.0767e-05 0.00014234
-5.3683e-05 0.0001032
1.2562e-05 0.00016607
1.2562e-05 0.00016607
-5.3683e-05 0.0001032
1.2562e-05 0.00016607
-5.3683e-05 0.0001032
1.2562e-05 0.00016607
-3.589e-06 -4.7448e-05
-5.1889e-05 0.00012692
1.6151e-05 0.00021351
6.2656e-05 1.5421e-05
1.4356e-05 0.00018979
-5.1889e-05 0.00012692
1.6151e-05 0.00021351
-3.589e-06 -4.7448e-05
6.2656e-05 1.5421e-05
-5.0094e-05 0.00015065
-5.1889e-05 0.00012692
-3.589e-06 -4.7448e-05
6.2656e-05 1.5421e-05
-3.589e-06 -4.7448e-05
-3.589e-06 -4.7448e-05
-3.589e-06 -4.7448e-05
6.2656e-05 1.5421e-05
1.6151e-05 0.00021351
-5.0094e-05 0.00015065
-5.0094e-05 0.00015065
-1.7945e-06 -2.3724e-05
-1.7945e-06 -2.3724e-05
1.6151e-05 0.00021351
-1.7945e-06 -2.3724e-05
-1.7945e-06 -2.3724e-05
-1.7945e-06 -2.3724e-05
-1.7945e-06 -2.3724e-05
-1.7945e-06 -2.3724e-05
-1.7945e-06 -2.3724e-05
0 -0
-1.7945e-06 -2.3724e-05
-1.7945e-06 -2.3724e-05
-1.7945e-06 -2.3724e-05
-1.7945e-06 -2.3724e-05
6.445e-05 3.9145e-05
6.445e-05 3.9145e-05
6.445e-05 3.9145e-05
0 -0
-1.7945e-06 -2.3724e-05
-1.7945e-06 -2.3724e-05
-1.7945e-06 -2.3724e-05
-1.7945e-06 -2.3724e-05
-1.7945e-06 -2.3724e-05
-1.7945e-06 -2.3724e-05
-5.0094e-05 0.00015065
0 -0
-1.7945e-06 -2.3724e-05
0 -0
0 -0
0 -0
-1.7945e-06 -2.3724e-05
0 -0
-4.83e-05 0.00017437
-1.7945e-06 -2.3724e-05
0 -0
0 -0
-4.83e-05 0.00017437
0 -0
0 -0
0 -0
0 -0
0 -0
-1.7945e-06 -2.3724e-05
0 -0
0.031835 -0.025412
0.029555 -0.027114
0.026941 -0.029154
0.025068 -0.030337
0.023543 -0.030991
0.022451 -0.030795
0.021776 -0.02996
0.020933 -0.029725
0.020709 -0.028616
0.02066 -0.02765
0.019994 -0.026696
0.020003 -0.025763
0.019842 -0.025453
0.019624 -0.025088
0.019688 -0.024234
0.020177 -0.022647
0.020736 -0.021764
0.020999 -0.021536
0.021343 -0.021871
0.021693 -0.02211
0.021487 -0.023209
0.020742 -0.024929
0.019353 -0.02704
0.018438 -0.028569
0.017806 -0.02961
0.017507 -0.030312
0.017222 -0.030824
0.016707 -0.030323
0.015418 -0.029476
0.013526 -0.02766
0.011169 -0.024677
0.007604 -0.020596
0.0044561 -0.015876
0.0011616 -0.010657
-0.00243 -0.0044862
-0.005558 0.0013095
-0.0083259 0.0086141
-0.010455 0.015424
-0.012387 0.022399
-0.013453 0.027002
-0.014 0.030337
-0.014119 0.032822
-0.013602 0.033159
-0.013423 0.033901
-0.012868 0.033921
-0.01197 0.031977
-0.010919 0.029605
-0.0098476 0.026702
-0.0089727 0.02445
-0.0078563 0.021325
-0.0070083 0.018717
-0.0061351 0.016441
-0.0052209 0.013895
-0.0043299 0.011041
-0.0036072 0.0084018
-0.002659 0.005492
-0.0019559 0.0034067
-0.0013744 0.0021529
-0.00080166 0.0015954
-0.00043664 0.00073069
-0.00028995 0.00023131
-0.00014685 -0.00031553
-2.8712e-05 -0.00037958
0.00010198 -0.00027757
0.00023088 -0.00019928
0.00047074 -0.00027994
0.00074469 9.0153e-05
0.00094522 0.00030248
0.0011869 0.00024555
0.00051366 -0.00052548
-0.00016674 -0.0013914
-0.00097214 -0.00065834
-0.0011689 -8.308e-06
-0.00098096 3.7954e-05
-0.00094686 0.00048871
-0.0010165 0.0011933
-0.00090005 0.0019204
-0.00057436 0.0013487
-0.00031133 0.00076153
-0.00020217 0.00057886
-0.00021114 0.00046024
-0.00015387 0.00040449
-0.00015028 0.00045194
-9.6599e-05 0.00034874
-0.00015746 0.00035704
-0.00010378 0.00025384
-9.8394e-05 0.00032502
-4.83e-05 0.00017437
-4.6505e-05 0.00019809
-4.4711e-05 0.00022182
-4.6505e-05 0.00019809
-4.4711e-05 0.00022182
-4.4711e-05 0.00022182
5.3836e-06 7.1171e-05
7.1781e-06 9.4895e-05
7.1781e-06 9.4895e-05
8.9726e-06 0.00011862
7.1781e-06 9.4895e-05
7.1781e-06 9.4895e-05
8.9726e-06 0.00011862
7.1781e-06 9.4895e-05
8.9726e-06 0.00011862
-5.7272e-05 5.5751e-05
8.9726e-06 0.00011862
1.0767e-05 0.00014234
1.0767e-05 0.00014234
1.0767e-05 0.00014234
1.0767e-05 0.00014234
1.2562e-05 0.00016607
1.2562e-05 0.00016607
1.2562e-05 0.00016607
1.2562e-05 0.00016607
-5.3683e-05 0.0001032
-5.3836e-06 -7.1171e-05
1.2562e-05 0.00016607
-5.3683e-05 0.0001032
-5.1889e-05 0.00012692
1.2562e-05 0.00016607
-5.1889e-05 0.00012692
-5.1889e-05 0.00012692
6.2656e-05 1.5421e-05
-5.1889e-05 0.00012692
1.4356e-05 0.00018979
-5.1889e-05 0.00012692
-1.7945e-06 -2.3724e-05
-3.589e-06 -4.7448e-05
-5.0094e-05 0.00015065
-5.0094e-05 0.00015065
-3.589e-06 -4.7448e-05
-3.589e-06 -4.7448e-05
-3.589e-06 -4.7448e-05
-5.1889e-05 0.00012692
-3.589e-06 -4.7448e-05
-5.0094e-05 0.00015065
6.445e-05 3.9145e-05
-1.7945e-06 -2.3724e-05
-1.7945e-06 -2.3724e-05
6.445e-05 3.9145e-05
-5.0094e-05 0.00015065
-5.0094e-05 0.00015065
-1.7945e-06 -2.3724e-05
-1.7945e-06 -2.3724e-05
-1.7945e-06 -2.3724e-05
-1.7945e-06 -2.3724e-05
0 -0
0 -0
0 -0
0 -0
-1.7945e-06 -2.3724e-05
6.445e-05 3.9145e-05
6.6245e-05 6.2868e-05
6.6245e-05 6.2868e-05
-1.7945e-06 -2.3724e-05
-1.7945e-06 -2.3724e-05
0 -0
6.445e-05 3.9145e-05
0 -0
0 -0
0 -0
-1.7945e-06 -2.3724e-05
0 -0
-1.7945e-06 -2.3724e-05
6.6245e-05 6.2868e-05
0 -0
6.6245e-05 6.2868e-05
6.6245e-05 6.2868e-05
6.6245e-05 6.2868e-05
6.445e-05 3.9145e-05
0 -0
0 -0
-1.7945e-06 -2.3724e-05
0 -0
0 -0
0 -0
0 -0
0 -0
-1.7945e-06 -2.3724e-05
0 -0
0 -0
0 -0
0 -0
0.031835 -0.025412
0.031259 -0.024902
0.029748 -0.025367
0.028116 -0.025815
0.026963 -0.02561
0.025912 -0.024867
0.025531 -0.023401
0.02549 -0.021502
0.025564 -0.019714
0.025505 -0.018053
0.02509 -0.016222
0.024371 -0.015165
0.023404 -0.014938
0.023299 -0.013893
0.023056 -0.013044
0.022816 -0.012149
0.022707 -0.011151
0.022481 -0.010881
0.022241 -0.011615
0.022474 -0.011791
0.022454 -0.012867
0.022221 -0.013506
0.022044 -0.014225
0.021489 -0.01506
0.020927 -0.015175
0.019892 -0.015849
0.01812 -0.016518
0.015533 -0.016572
0.012871 -0.016808
0.010217 -0.016135
0.0065363 -0.015201
0.0028332 -0.012131
-0.00089127 -0.0085311
-0.0041716 -0.003937
-0.0072764 0.0013522
-0.0097349 0.0070566
-0.011512 0.012021
-0.012508 0.01592
-0.012964 0.018834
-0.01264 0.019869
-0.012174 0.020332
-0.011363 0.019671
-0.010583 0.01942
-0.0094698 0.017878
-0.008541 0.016337
-0.0075747 0.01448
-0.006705 0.012971
-0.006 0.011724
-0.0054899 0.011151
-0.004801 0.0096912
-0.0043643 0.0089605
-0.0037291 0.0076035
-0.0032174 0.0062393
-0.0028274 0.0048918
-0.002262 0.0034245
-0.0018166 0.0019975
-0.0014068 0.00091099
-0.001219 0.00014234
-0.00083426 -0.00046143
-0.00069998 -0.00031197
-0.00043515 -0.00087541
-0.00038685 -0.0010498
-0.0002759 -0.0012087
-0.00016853 -0.0014151
9.1063e-05 -0.0012348
0.00041511 -0.0010154
0.00055657 -0.00077102
0.00069624 -0.00055039
-0.00011305 -0.0014946
-0.00049437 -0.0016583
-0.00084339 -0.001395
-0.00091502 -0.001529
-0.00086672 -0.0017034
-0.00080586 -0.0017117
-0.00088092 -0.0010783
-0.00082529 -0.00034281
-0.00058005 -0.0003523
-0.00027754 -0.00041754
-0.00024165 5.6936e-05
-0.00017541 0.0001198
-0.00016284 0.00028587
-0.00017361 0.00014353
-0.00016464 0.00026215
-0.00010916 0.00018267
-0.00010557 0.00023012
-5.3683e-05 0.0001032
-5.1889e-05 0.00012692
-4.83e-05 0.00017437
-4.6505e-05 0.00019809
-4.4711e-05 0.00022182
-4.2916e-05 0.00024554
-4.2916e-05 0.00024554
-4.1122e-05 0.00026926
7.1781e-06 9.4895e-05
-4.1122e-05 0.00026926
8.9726e-06 0.00011862
8.9726e-06 0.00011862
8.9726e-06 0.00011862
1.0767e-05 0.00014234
1.0767e-05 0.00014234
1.0767e-05 0.00014234
1.2562e-05 0.00016607
-5.5478e-05 7.9475e-05
1.0767e-05 0.00014234
1.0767e-05 0.00014234
1.2562e-05 0.00016607
1.2562e-05 0.00016607
1.4356e-05 0.00018979
-5.3683e-05 0.0001032
1.4356e-05 0.00018979
1.4356e-05 0.00018979
-5.3683e-05 0.0001032
-5.3683e-05 0.0001032
-5.3683e-05 0.0001032
1.4356e-05 0.00018979
-5.1889e-05 0.00012692
1.2562e-05 0.00016607
-3.589e-06 -4.7448e-05
-3.589e-06 -4.7448e-05
-5.1889e-05 0.00012692
-1.7945e-06 -2.3724e-05
-5.0094e-05 0.00015065
-5.0094e-05 0.00015065
-3.589e-06 -4.7448e-05
-5.1889e-05 0.00012692
6.445e-05 3.9145e-05
-5.0094e-05 0.00015065
1.6151e-05 0.00021351
-1.7945e-06 -2.3724e-05
-3.589e-06 -4.7448e-05
-1.7945e-06 -2.3724e-05
-3.589e-06 -4.7448e-05
-3.589e-06 -4.7448e-05
1.6151e-05 0.00021351
6.445e-05 3.9145e-05
-1.7945e-06 -2.3724e-05
1.7945e-05 0.00023724
-1.7945e-06 -2.3724e-05
-1.7945e-06 -2.3724e-05
-1.7945e-06 -2.3724e-05
-1.7945e-06 -2.3724e-05
-1.7945e-06 -2.3724e-05
-1.7945e-06 -2.3724e-05
-1.7945e-06 -2.3724e-05
-5.0094e-05 0.00015065
1.7945e-05 0.00023724
-1.7945e-06 -2.3724e-05
0 -0
6.6245e-05 6.2868e-05
6.6245e-05 6.2868e-05
6.445e-05 3.9145e-05
1.7945e-05 0.00023724
0 -0
-1.7945e-06 -2.3724e-05
-4.83e-05 0.00017437
-1.7945e-06 -2.3724e-05
0 -0
6.6245e-05 6.2868e-05
6.445e-05 3.9145e-05
6.6245e-05 6.2868e-05
-4.83e-05 0.00017437
6.6245e-05 6.2868e-05
0 -0
0 -0
0 -0
6.6245e-05 6.2868e-05
0 -0
0 -0
6.6245e-05 6.2868e-05
1.7945e-05 0.00023724
0 -0
6.6245e-05 6.2868e-05
6.6245e-05 6.2868e-05
0 -0
-4.83e-05 0.00017437
-4.83e-05 0.00017437
0 -0
6.6245e-05 6.2868e-05
-4.83e-05 0.00017437
0 -0
0 -0
0.031835 -0.025412
0.030163 -0.026382
0.030282 -0.024816
0.030067 -0.023588
0.029666 -0.022383
0.029559 -0.020547
0.029417 -0.01837
0.0292 -0.016352
0.028707 -0.01475
0.028966 -0.01294
0.028965 -0.010519
0.029223 -0.0087326
0.029489 -0.0068513
0.029727 -0.0053259
0.030746 -0.0032358
0.031444 -0.0013177
0.032977 0.0010618
0.034134 0.0033488
0.034868 0.0049264
0.034752 0.0050142
0.033636 0.0040877
0.032152 0.0031637
0.029837 0.0018257
0.02666 -0.00035338
0.023299 -0.0025075
0.019658 -0.0043117
0.015877 -0.0055217
0.012069 -0.0062725
0.008482 -0.0065501
0.004952 -0.0060685
0.00086565 -0.004001
-0.0027139 -0.00092405
-0.0060178 0.0025467
-0.0090012 0.0061895
-0.011201 0.0096294
-0.012568 0.011877
-0.012833 0.012441
-0.012468 0.010761
-0.011807 0.0097362
-0.01121 0.0095108
-0.010121 0.0084516
-0.0094036 0.0081859
-0.0083779 0.0079261
-0.0076761 0.0082618
-0.0069923 0.0083602
-0.0064462 0.0090767
-0.005834 0.0090411
-0.0053721 0.0094575
-0.0049085 0.0090826
-0.0042964 0.0082321
-0.0039296 0.0073911
-0.0033785 0.0065489
-0.0029544 0.0056522
-0.0025858 0.0048349
-0.002176 0.0037484
-0.0016572 0.0024791
-0.0013047 0.0014483
-0.001149 0.0010676
-0.00078581 0.00017911
-0.00063553 -0.00027283
-0.00035455 -0.00062275
-0.00030266 -0.00074967
-0.00010393 -0.00056107
-2.5123e-05 -0.00033213
0.00037055 2.1353e-05
0.00058544 0.00042347
0.00049078 0.0016108
-0.00019679 0.00065003
-0.00055493 -2.0167e-05
-0.00090051 -0.0005243
-0.00096675 -0.00058717
-0.00096675 -0.00058717
-0.00091845 -0.00076154
-0.0010651 -0.00026215
-0.0012047 0.00033213
-0.00078238 -0.00058835
-0.00041736 -0.0014531
-0.00031881 -0.00096319
-0.00022386 -0.00052074
-0.0002596 -0.0001803
-0.00019515 -0.00014116
-0.00018438 1.1855e-06
-0.0001772 9.6081e-05
-5.5478e-05 7.9475e-05
-0.00011454 0.0001115
-0.00011096 0.00015895
-0.00010737 0.0002064
-5.5478e-05 7.9475e-05
-5.0094e-05 0.00015065
-4.6505e-05 0.00019809
-4.4711e-05 0.00022182
-4.2916e-05 0.00024554
-4.2916e-05 0.00024554
5.3836e-06 7.1171e-05
5.3836e-06 7.1171e-05
7.1781e-06 9.4895e-05
8.9726e-06 0.00011862
7.1781e-06 9.4895e-05
8.9726e-06 0.00011862
8.9726e-06 0.00011862
8.9726e-06 0.00011862
-5.7272e-05 5.5751e-05
8.9726e-06 0.00011862
8.9726e-06 0.00011862
1.0767e-05 0.00014234
8.9726e-06 0.00011862
-5.5478e-05 7.9475e-05
6.0861e-05 -8.3031e-06
1.2562e-05 0.00016607
1.2562e-05 0.00016607
1.2562e-05 0.00016607
-5.3683e-05 0.0001032
-5.3683e-05 0.0001032
-5.3683e-05 0.0001032
6.0861e-05 -8.3031e-06
-5.1889e-05 0.00012692
-5.3683e-05 0.0001032
-3.589e-06 -4.7448e-05
-3.589e-06 -4.7448e-05
1.4356e-05 0.00018979
-3.589e-06 -4.7448e-05
1.4356e-05 0.00018979
-5.1889e-05 0.00012692
1.4356e-05 0.00018979
-5.1889e-05 0.00012692
-3.589e-06 -4.7448e-05
-1.7945e-06 -2.3724e-05
-3.589e-06 -4.7448e-05
-3.589e-06 -4.7448e-05
-5.1889e-05 0.00012692
6.445e-05 3.9145e-05
-1.7945e-06 -2.3724e-05
-3.589e-06 -4.7448e-05
1.6151e-05 0.00021351
-3.589e-06 -4.7448e-05
-5.0094e-05 0.00015065
-5.0094e-05 0.00015065
-1.7945e-06 -2.3724e-05
-1.7945e-06 -2.3724e-05
-5.1889e-05 0.00012692
-1.7945e-06 -2.3724e-05
-1.7945e-06 -2.3724e-05
-5.0094e-05 0.00015065
-1.7945e-06 -2.3724e-05
6.445e-05 3.9145e-05
6.445e-05 3.9145e-05
6.445e-05 3.9145e-05
8.2396e-05 0.00027638
0.00019873 0.00018861
0.00019873 0.00018861
0.00026498 0.00025147
0.00026318 0.00022775
0.00019873 0.00018861
0.00026498 0.00025147
0.00026318 0.00022775
0.00026318 0.00022775
0.00021668 0.00042584
0.00026318 0.00022775
0.00026498 0.00025147
0.00026498 0.00025147
0.00014864 0.00033925
0.00019873 0.00018861
0.00019873 0.00018861
0.00013249 0.00012574
0.00013249 0.00012574
8.419e-05 0.00030011
0.00013249 0.00012574
6.445e-05 3.9145e-05
1.7945e-05 0.00023724
1.6151e-05 0.00021351
6.6245e-05 6.2868e-05
0 -0
0 -0
0 -0
0 -0
0 -0
6.6245e-05 6.2868e-05
1.7945e-05 0.00023724
-4.83e-05 0.00017437
0 -0
0 -0
0.031835 -0.025412
0.03267 -0.02332
0.033954 -0.020164
0.035156 -0.017284
0.036069 -0.014964
0.036506 -0.01325
0.03655 -0.01105
0.037046 -0.0085535
0.037059 -0.0059427
0.037786 -0.003645
0.038832 -0.00038417
0.03923 0.0016229
0.039422 0.0033464
0.038849 0.0047188
0.037648 0.0050984
0.036882 0.0055385
0.036802 0.0061007
0.0373 0.0078065
0.037909 0.0093533
0.038419 0.011225
0.037943 0.012249
0.036699 0.012874
0.034216 0.012565
0.031174 0.01056
0.027694 0.0092607
0.023564 0.0074992
0.019037 0.0061754
0.014393 0.0049394
0.010081 0.0040177
0.0057238 0.0049476
0.0015839 0.0079332
-0.0025863 0.01133
-0.0064269 0.016648
-0.0091687 0.019419
-0.010347 0.019292
-0.011133 0.017841
-0.011398 0.01596
-0.011529 0.014228
-0.011583 0.013517
-0.011329 0.012811
-0.010642 0.010512
-0.010108 0.010247
-0.0091277 0.0093946
-0.0085011 0.0095488
-0.0076973 0.0096069
-0.0072658 0.010435
-0.0067358 0.010938
-0.0063204 0.011552
-0.0058746 0.011755
-0.0051928 0.011015
-0.0046649 0.0098643
-0.0040207 0.008626
-0.0035537 0.0074837
-0.0031779 0.0067613
-0.0027628 0.0057459
-0.0023531 0.0046593
-0.0018987 0.003351
-0.0017591 0.0027567
-0.0013941 0.001892
-0.001242 0.0014638
-0.00097901 0.00087659
-0.00085908 0.00083626
-0.00074095 0.00077221
-0.00059051 0.0011352
-0.00027903 0.0011886
-0.00015013 0.0012669
-2.1229e-05 0.0013451
0.00019007 0.0016998
-0.00033092 0.0013155
-0.0009986 0.0014305
-0.001523 0.0018137
-0.0017218 0.0016251
-0.0015304 0.00090387
-0.0016557 0.00087303
-0.0018273 0.0018552
-0.00133 0.00030129
-0.00071269 -0.0012929
-0.00046925 -0.0013262
-0.00032061 -0.00098691
-0.0003402 -0.00043296
-0.00026139 -0.00020403
-0.00024165 5.6936e-05
-0.00018079 4.8633e-05
-0.00017361 0.00014353
-0.00011813 6.4054e-05
-6.2656e-05 -1.5421e-05
-5.9067e-05 3.2027e-05
-5.7272e-05 5.5751e-05
-5.3683e-05 0.0001032
-5.0094e-05 0.00015065
-5.0094e-05 0.00015065
-4.6505e-05 0.00019809
-4.4711e-05 0.00022182
3.589e-06 4.7448e-05
-4.4711e-05 0.00022182
5.3836e-06 7.1171e-05
-4.1122e-05 0.00026926
-4.1122e-05 0.00026926
-0.00010737 0.0002064
7.1781e-06 9.4895e-05
8.9726e-06 0.00011862
8.9726e-06 0.00011862
-5.7272e-05 5.5751e-05
8.9726e-06 0.00011862
1.0767e-05 0.00014234
1.0767e-05 0.00014234
-5.5478e-05 7.9475e-05
1.0767e-05 0.00014234
1.0767e-05 0.00014234
1.0767e-05 0.00014234
1.2562e-05 0.00016607
-5.3683e-05 0.0001032
1.2562e-05 0.00016607
-5.3683e-05 0.0001032
-5.3683e-05 0.0001032
1.2562e-05 0.00016607
-5.1889e-05 0.00012692
-5.3836e-06 -7.1171e-05
-5.3683e-05 0.0001032
-5.1889e-05 0.00012692
-5.1889e-05 0.00012692
-5.3683e-05 0.0001032
1.4356e-05 0.00018979
1.4356e-05 0.00018979
-5.1889e-05 0.00012692
6.445e-05 3.9145e-05
-5.1889e-05 0.00012692
-3.589e-06 -4.7448e-05
-5.1889e-05 0.00012692
-5.1889e-05 0.00012692
-3.589e-06 -4.7448e-05
-1.7945e-06 -2.3724e-05
-3.589e-06 -4.7448e-05
1.4356e-05 0.00018979
-1.7945e-06 -2.3724e-05
-3.589e-06 -4.7448e-05
-5.0094e-05 0.00015065
-5.1889e-05 0.00012692
-1.7945e-06 -2.3724e-05
1.4356e-05 0.00018979
-5.1889e-05 0.00012692
-5.1889e-05 0.00012692
-5.0094e-05 0.00015065
-1.7945e-06 -2.3724e-05
-5.1889e-05 0.00012692
-3.589e-06 -4.7448e-05
-1.7945e-06 -2.3724e-05
-1.7945e-06 -2.3724e-05
0 -0
6.445e-05 3.9145e-05
6.6245e-05 6.2868e-05
0 -0
0 -0
-1.7945e-06 -2.3724e-05
0 -0
1.6151e-05 0.00021351
-4.83e-05 0.00017437
-4.83e-05 0.00017437
-1.7945e-06 -2.3724e-05
-5.0094e-05 0.00015065
-5.0094e-05 0.00015065
-4.83e-05 0.00017437
-1.7945e-06 -2.3724e-05
0 -0
-4.83e-05 0.00017437
0 -0
-4.83e-05 0.00017437
-5.0094e-05 0.00015065
-4.83e-05 0.00017437
-4.83e-05 0.00017437
-1.7945e-06 -2.3724e-05
0 -0
0 -0
-4.83e-05 0.00017437
0 -0
0 -0
0 -0
-4.83e-05 0.00017437
-4.83e-05 0.00017437
0 -0
0 -0
0.031835 -0.025412
0.034915 -0.020463
0.037734 -0.015718
0.040731 -0.011046
0.04385 -0.0063898
0.046318 -0.0030353
0.048599 0.00029674
0.050493 0.0033939
0.051522 0.0064175
0.052431 0.0086902
0.052677 0.010311
0.053171 0.012784
0.053109 0.014398
0.053743 0.017092
0.053172 0.018488
0.052913 0.019938
0.051997 0.020015
0.051725 0.020483
0.050848 0.020267
0.05011 0.020272
0.047165 0.018733
0.04499 0.01843
0.040733 0.016614
0.036957 0.015475
0.032289 0.013907
0.027892 0.0135
0.022114 0.013521
0.017776 0.014712
0.011314 0.014635
0.005624 0.016634
-0.00086096 0.019508
-0.0057617 0.02219
-0.0097353 0.024122
-0.0124 0.026284
-0.014187 0.027869
-0.015364 0.028557
-0.016318 0.028951
-0.016575 0.028004
-0.01649 0.027489
-0.015791 0.026171
-0.014637 0.02273
-0.013288 0.020245
-0.011944 0.017688
-0.011104 0.017406
-0.0099819 0.016798
-0.0092067 0.017291
-0.0086034 0.017952
-0.007907 0.018216
-0.007386 0.018601
-0.006346 0.018531
-0.0059594 0.017951
-0.0062067 0.016307
-0.0059135 0.014493
-0.0052819 0.013088
-0.0047308 0.011431
-0.0040724 0.0095678
-0.0035178 0.0079581
-0.0030169 0.0064517
-0.0025714 0.0050247
-0.0020168 0.003415
-0.0016214 0.0021387
-0.0013602 0.0015278
-0.0010201 0.0011459
-0.00096645 0.0010427
-0.00078387 0.0010177
-0.00060308 0.00096911
-0.00052068 0.0012455
-0.00039357 0.0013001
-0.00038281 0.0014424
-0.00047956 0.00097623
-0.000918 0.0016832
-0.0014424 0.0020663
-0.0017772 0.0017045
-0.001865 0.001357
-0.0019688 0.0016108
-0.0021047 0.0022526
-0.0014874 0.00065833
-0.00071987 -0.0013878
-0.0004854 -0.0015397
-0.0003242 -0.0010344
-0.00022386 -0.00052074
-0.0002596 -0.0001803
-0.00019515 -0.00014116
-0.00018438 1.1855e-06
-0.00017541 0.0001198
-0.00012172 1.6606e-05
-0.00011634 8.7778e-05
-0.00011454 0.0001115
-0.00010916 0.00018267
-0.00010378 0.00025384
-5.1889e-05 0.00012692
-4.83e-05 0.00017437
-4.6505e-05 0.00019809
-4.4711e-05 0.00022182
3.589e-06 4.7448e-05
-4.4711e-05 0.00022182
-4.2916e-05 0.00024554
5.3836e-06 7.1171e-05
7.1781e-06 9.4895e-05
7.1781e-06 9.4895e-05
7.1781e-06 9.4895e-05
-4.1122e-05 0.00026926
8.9726e-06 0.00011862
8.9726e-06 0.00011862
1.0767e-05 0.00014234
8.9726e-06 0.00011862
1.0767e-05 0.00014234
1.0767e-05 0.00014234
-5.5478e-05 7.9475e-05
1.0767e-05 0.00014234
-5.3683e-05 0.0001032
-5.3683e-05 0.0001032
-5.5478e-05 7.9475e-05
-5.5478e-05 7.9475e-05
-5.3683e-05 0.0001032
-5.5478e-05 7.9475e-05
-5.5478e-05 7.9475e-05
-5.1889e-05 0.00012692
-5.3683e-05 0.0001032
-5.3683e-05 0.0001032
-5.3683e-05 0.0001032
-5.3683e-05 0.0001032
-5.1889e-05 0.00012692
1.2562e-05 0.00016607
-5.1889e-05 0.00012692
6.2656e-05 1.5421e-05
-5.1889e-05 0.00012692
-3.589e-06 -4.7448e-05
-5.1889e-05 0.00012692
1.4356e-05 0.00018979
-3.589e-06 -4.7448e-05
-3.589e-06 -4.7448e-05
6.2656e-05 1.5421e-05
1.4356e-05 0.00018979
-5.1889e-05 0.00012692
-5.1889e-05 0.00012692
-5.0094e-05 0.00015065
-5.1889e-05 0.00012692
-5.0094e-05 0.00015065
-1.7945e-06 -2.3724e-05
-3.589e-06 -4.7448e-05
-1.7945e-06 -2.3724e-05
-1.7945e-06 -2.3724e-05
-1.7945e-06 -2.3724e-05
-1.7945e-06 -2.3724e-05
-1.7945e-06 -2.3724e-05
-3.589e-06 -4.7448e-05
-1.7945e-06 -2.3724e-05
-1.7945e-06 -2.3724e-05
1.6151e-05 0.00021351
6.445e-05 3.9145e-05
0 -0
-1.7945e-06 -2.3724e-05
-1.7945e-06 -2.3724e-05
-1.7945e-06 -2.3724e-05
-1.7945e-06 -2.3724e-05
-1.7945e-06 -2.3724e-05
-1.7945e-06 -2.3724e-05
-1.7945e-06 -2.3724e-05
6.6245e-05 6.2868e-05
-5.0094e-05 0.00015065
-1.7945e-06 -2.3724e-05
-1.7945e-06 -2.3724e-05
0 -0
0 -0
0 -0
0 -0
-5.0094e-05 0.00015065
-1.7945e-06 -2.3724e-05
-1.7945e-06 -2.3724e-05
-1.7945e-06 -2.3724e-05
0 -0
0 -0
-1.7945e-06 -2.3724e-05
0 -0
0 -0
-1.7945e-06 -2.3724e-05
0 -0
0 -0
6.6245e-05 6.2868e-05
0 -0
0.031835 -0.025412
0.03658 -0.018772
0.040831 -0.012162
0.045562 -0.0057125
0.050124 0.00013661
0.054724 0.0048541
0.059252 0.0094376
0.062695 0.013498
0.065628 0.017316
0.068598 0.020818
0.071637 0.025221
0.074887 0.029979
0.078054 0.03446
0.079843 0.037788
0.081424 0.039993
0.081106 0.040659
0.080517 0.041003
0.078123 0.039436
0.07533 0.037468
0.070659 0.034247
0.065344 0.030634
0.061045 0.028272
0.057594 0.026538
0.0529 0.023822
0.048156 0.022073
0.042918 0.02111
0.035395 0.018397
0.026335 0.014863
0.017171 0.013213
0.0090138 0.013487
0.0024338 0.015104
-0.0026928 0.016426
-0.0068811 0.018771
-0.010291 0.021657
-0.012789 0.02521
-0.014783 0.027304
-0.016222 0.028603
-0.01675 0.028123
-0.016788 0.027625
-0.016644 0.027893
-0.016027 0.027114
-0.015225 0.026333
-0.014668 0.026377
-0.013754 0.026276
-0.013138 0.027103
-0.012502 0.028191
-0.0117 0.028225
-0.011356 0.029521
-0.010733 0.029627
-0.009942 0.029519
-0.008827 0.028001
-0.0073525 0.025547
-0.007149 0.022547
-0.007153 0.020055
-0.006577 0.017915
-0.0059543 0.016392
-0.0050848 0.014068
-0.0043996 0.011746
-0.0035748 0.0096437
-0.0031401 0.0080744
-0.0025032 0.0059262
-0.0020881 0.0049108
-0.0016245 0.004536
-0.001315 0.0037507
-0.00093564 0.0030758
-0.0007209 0.002663
-0.00049182 0.00244
-6.3993e-05 0.0024056
0.00017945 0.0023724
0.00035127 0.0022051
0.0006001 0.0022431
0.00053206 0.0021565
-0.00028067 0.0019798
-0.0012115 0.0018671
-0.0018203 0.0011352
-0.0018365 0.00092166
-0.0021298 0.0019204
-0.0020618 0.002007
-0.0013389 0.00018267
-0.00079853 -0.00080187
-0.00051919 -0.0003606
-0.00036158 9.7266e-05
-0.00023627 0.00012811
-0.00017361 0.00014353
-0.00022909 0.000223
-0.00017182 0.00016725
-0.00011813 6.4054e-05
-0.00011275 0.00013523
-0.00011096 0.00015895
-0.00010737 0.0002064
-0.00010378 0.00025384
-5.1889e-05 0.00012692
-5.0094e-05 0.00015065
-4.83e-05 0.00017437
-4.83e-05 0.00017437
-4.6505e-05 0.00019809
-4.6505e-05 0.00019809
-4.4711e-05 0.00022182
-4.2916e-05 0.00024554
-4.2916e-05 0.00024554
5.3836e-06 7.1171e-05
-4.1122e-05 0.00026926
7.1781e-06 9.4895e-05
7.1781e-06 9.4895e-05
7.1781e-06 9.4895e-05
7.1781e-06 9.4895e-05
8.9726e-06 0.00011862
8.9726e-06 0.00011862
-5.7272e-05 5.5751e-05
8.9726e-06 0.00011862
8.9726e-06 0.00011862
1.0767e-05 0.00014234
1.0767e-05 0.00014234
-5.5478e-05 7.9475e-05
-5.5478e-05 7.9475e-05
-5.7272e-05 5.5751e-05
-5.3683e-05 0.0001032
1.0767e-05 0.00014234
-5.3683e-05 0.0001032
-7.1781e-06 -9.4895e-05
-5.3836e-06 -7.1171e-05
-5.3683e-05 0.0001032
-5.1889e-05 0.00012692
-5.3683e-05 0.0001032
-5.3683e-05 0.0001032
1.2562e-05 0.00016607
-3.589e-06 -4.7448e-05
-5.1889e-05 0.00012692
-3.589e-06 -4.7448e-05
6.2656e-05 1.5421e-05
-3.589e-06 -4.7448e-05
-3.589e-06 -4.7448e-05
-3.589e-06 -4.7448e-05
6.2656e-05 1.5421e-05
6.2656e-05 1.5421e-05
-3.589e-06 -4.7448e-05
-5.0094e-05 0.00015065
6.2656e-05 1.5421e-05
-3.589e-06 -4.7448e-05
-5.1889e-05 0.00012692
-5.1889e-05 0.00012692
-3.589e-06 -4.7448e-05
-3.589e-06 -4.7448e-05
-3.589e-06 -4.7448e-05
-3.589e-06 -4.7448e-05
-3.589e-06 -4.7448e-05
-3.589e-06 -4.7448e-05
-1.7945e-06 -2.3724e-05
-1.7945e-06 -2.3724e-05
-1.7945e-06 -2.3724e-05
-5.0094e-05 0.00015065
-1.7945e-06 -2.3724e-05
-1.7945e-06 -2.3724e-05
-1.7945e-06 -2.3724e-05
-1.7945e-06 -2.3724e-05
-1.7945e-06 -2.3724e-05
-1.7945e-06 -2.3724e-05
6.445e-05 3.9145e-05
-1.7945e-06 -2.3724e-05
6.445e-05 3.9145e-05
-4.83e-05 0.00017437
-1.7945e-06 -2.3724e-05
0 -0
0 -0
0 -0
0 -0
0 -0
0 -0
-4.83e-05 0.00017437
0 -0
-1.7945e-06 -2.3724e-05
-1.7945e-06 -2.3724e-05
0 -0
-1.7945e-06 -2.3724e-05
0 -0
-4.83e-05 0.00017437
0 -0
0 -0
0 -0
-1.7945e-06 -2.3724e-05
0 -0
0.031835 -0.025412
0.037517 -0.017774
0.043105 -0.010555
0.048541 -0.0037221
0.054684 0.0027024
0.060728 0.007822
0.066925 0.013328
0.072917 0.01939
0.078457 0.025153
0.084084 0.031265
0.090222 0.038433
0.096166 0.045484
0.10187 0.052591
0.1078 0.059405
0.11169 0.063739
0.11371 0.066029
0.11437 0.06661
0.11457 0.066822
0.11225 0.064622
0.10811 0.061088
0.10322 0.057417
0.098875 0.054462
0.09492 0.051766
0.09043 0.048495
0.085048 0.044819
0.079153 0.041669
0.071492 0.038759
0.061906 0.037215
0.051807 0.037011
0.040705 0.037375
0.028842 0.03825
0.017844 0.039175
0.0088953 0.040372
0.00083845 0.041975
-0.005652 0.043963
-0.010601 0.045189
-0.013809 0.045051
-0.015424 0.04484
-0.016176 0.04384
-0.015974 0.041632
-0.015586 0.04026
-0.015076 0.038873
-0.014153 0.037261
-0.013224 0.03572
-0.012306 0.033222
-0.011383 0.03161
-0.010534 0.030631
-0.0099115 0.029923
-0.0090703 0.028849
-0.0085423 0.028514
-0.0082703 0.028045
-0.0076814 0.027701
-0.0072949 0.027121
-0.0073613 0.026243
-0.0078519 0.025447
-0.0078414 0.02396
-0.0073333 0.022548
-0.0067787 0.020939
-0.0060397 0.019328
-0.0053957 0.017274
-0.004918 0.01546
-0.0041523 0.01339
-0.0035851 0.011946
-0.003 0.01074
-0.0026529 0.0096378
-0.0020177 0.0082808
-0.001565 0.0069487
-0.0011625 0.0057673
-0.0010088 0.0045478
-0.00090693 0.0034554
-0.00070475 0.0028765
-0.00062251 0.002338
-0.00032718 0.0021778
-0.00034871 0.0018932
-0.00094671 0.0013036
-0.0014372 0.0013226
-0.0017271 0.0015539
-0.0017575 0.0019655
-0.0021403 0.0034079
-0.0019935 0.0037234
-0.0014065 0.0025408
-0.00062999 0.00061326
-0.00029174 0.00020758
-0.00028636 0.00027875
-0.00022191 0.0003179
-0.00021114 0.00046024
-0.00022191 0.0003179
-0.00016643 0.00023842
-9.6599e-05 0.00034874
-9.4805e-05 0.00037246
-0.00015567 0.00038077
-0.00010378 0.00025384
-0.00010019 0.00030129
-5.1889e-05 0.00012692
-5.0094e-05 0.00015065
-4.83e-05 0.00017437
-4.83e-05 0.00017437
-4.6505e-05 0.00019809
-4.4711e-05 0.00022182
-4.4711e-05 0.00022182
-4.4711e-05 0.00022182
-4.2916e-05 0.00024554
-4.2916e-05 0.00024554
5.3836e-06 7.1171e-05
7.1781e-06 9.4895e-05
7.1781e-06 9.4895e-05
7.1781e-06 9.4895e-05
8.9726e-06 0.00011862
-5.7272e-05 5.5751e-05
8.9726e-06 0.00011862
8.9726e-06 0.00011862
1.0767e-05 0.00014234
1.0767e-05 0.00014234
1.0767e-05 0.00014234
1.0767e-05 0.00014234
-5.7272e-05 5.5751e-05
1.0767e-05 0.00014234
1.0767e-05 0.00014234
1.0767e-05 0.00014234
1.2562e-05 0.00016607
-5.3683e-05 0.0001032
-5.3683e-05 0.0001032
1.2562e-05 0.00016607
1.2562e-05 0.00016607
-5.3683e-05 0.0001032
1.2562e-05 0.00016607
-5.3836e-06 -7.1171e-05
-5.1889e-05 0.00012692
-5.1889e-05 0.00012692
1.4356e-05 0.00018979
-3.589e-06 -4.7448e-05
-5.1889e-05 0.00012692
-5.1889e-05 0.00012692
6.2656e-05 1.5421e-05
1.6151e-05 0.00021351
-1.7945e-06 -2.3724e-05
-5.0094e-05 0.00015065
1.4356e-05 0.00018979
-3.589e-06 -4.7448e-05
-5.0094e-05 0.00015065
-3.589e-06 -4.7448e-05
-3.589e-06 -4.7448e-05
-5.1889e-05 0.00012692
-5.0094e-05 0.00015065
-1.7945e-06 -2.3724e-05
-1.7945e-06 -2.3724e-05
-1.7945e-06 -2.3724e-05
-5.0094e-05 0.00015065
-5.0094e-05 0.00015065
6.445e-05 3.9145e-05
-1.7945e-06 -2.3724e-05
-1.7945e-06 -2.3724e-05
-1.7945e-06 -2.3724e-05
1.6151e-05 0.00021351
-1.7945e-06 -2.3724e-05
-1.7945e-06 -2.3724e-05
-5.0094e-05 0.00015065
-5.0094e-05 0.00015065
-1.7945e-06 -2.3724e-05
-3.589e-06 -4.7448e-05
-5.0094e-05 0.00015065
-1.7945e-06 -2.3724e-05
-1.7945e-06 -2.3724e-05
-1.7945e-06 -2.3724e-05
0 -0
-1.7945e-06 -2.3724e-05
0 -0
0 -0
-1.7945e-06 -2.3724e-05
0 -0
0 -0
6.6245e-05 6.2868e-05
0 -0
-5.0094e-05 0.00015065
0 -0
0 -0
-4.83e-05 0.00017437
0 -0
0 -0
-4.83e-05 0.00017437
0 -0
0.031835 -0.025412
0.03706 -0.018934
0.04241 -0.012425
0.047717 -0.0073008
0.053697 -0.0022203
0.060808 0.0040001
0.068064 0.010512
0.075783 0.018256
0.083074 0.026034
0.089996 0.033814
0.096098 0.041322
0.10168 0.047656
0.10727 0.054036
0.11298 0.060471
0.11788 0.065891
0.12292 0.070788
0.12571 0.073547
0.12649 0.07404
0.1269 0.073768
0.12624 0.073164
0.12416 0.071674
0.11988 0.067919
0.11033 0.059634
0.099006 0.048883
0.088932 0.040071
0.080205 0.032825
0.071728 0.027246
0.062544 0.022075
0.052072 0.019381
0.04088 0.019374
0.030171 0.022489
0.021089 0.030056
0.012836 0.037198
0.0052188 0.042168
-0.00086685 0.045443
-0.0065676 0.048929
-0.011518 0.051762
-0.015243 0.054547
-0.017905 0.056756
-0.01891 0.057276
-0.018694 0.055257
-0.018476 0.054892
-0.018007 0.054588
-0.017866 0.054833
-0.017803 0.055663
-0.01762 0.056453
-0.016933 0.055784
-0.016179 0.054363
-0.015351 0.052309
-0.014041 0.048487
-0.013041 0.04545
-0.01207 0.042849
-0.011016 0.039709
-0.0099388 0.036877
-0.0090836 0.034364
-0.008334 0.03208
-0.007586 0.030588
-0.0069402 0.028559
-0.0065182 0.026008
-0.0065438 0.023232
-0.0061056 0.020895
-0.0055009 0.019134
-0.0048424 0.018086
-0.0043666 0.016247
-0.003803 0.014756
-0.0031481 0.012845
-0.0027278 0.011086
-0.0022931 0.0095168
-0.0017295 0.0080258
-0.0012679 0.0068123
-0.00080987 0.0055514
-0.00060247 0.0042288
-0.00053099 0.0035479
-0.00010855 0.0034423
0.00056451 0.0033984
0.00076684 0.0036345
0.0010604 0.0034506
0.00040526 0.0037318
-0.00058288 0.0036748
-0.0012524 0.0037661
-0.0017195 0.0040935
-0.0018213 0.005186
-0.001442 0.0045111
-0.00092487 0.0032181
-0.00053668 0.0018469
-0.00033271 0.0012918
-0.00024509 0.0008244
-0.00020576 0.00053141
-0.00014849 0.00047566
-9.6599e-05 0.00034874
-0.00015746 0.00035704
-0.00010557 0.00023012
-0.00010198 0.00027757
-9.8394e-05 0.00032502
-9.8394e-05 0.00032502
-4.83e-05 0.00017437
-4.83e-05 0.00017437
-4.6505e-05 0.00019809
-4.4711e-05 0.00022182
-4.4711e-05 0.00022182
-4.2916e-05 0.00024554
-4.2916e-05 0.00024554
-4.2916e-05 0.00024554
5.3836e-06 7.1171e-05
7.1781e-06 9.4895e-05
-4.1122e-05 0.00026926
7.1781e-06 9.4895e-05
8.9726e-06 0.00011862
8.9726e-06 0.00011862
8.9726e-06 0.00011862
1.0767e-05 0.00014234
8.9726e-06 0.00011862
1.0767e-05 0.00014234
1.0767e-05 0.00014234
1.0767e-05 0.00014234
-5.5478e-05 7.9475e-05
-5.5478e-05 7.9475e-05
1.0767e-05 0.00014234
-5.5478e-05 7.9475e-05
1.2562e-05 0.00016607
1.2562e-05 0.00016607
-5.1889e-05 0.00012692
-5.3683e-05 0.0001032
1.2562e-05 0.00016607
-5.3683e-05 0.0001032
1.2562e-05 0.00016607
1.4356e-05 0.00018979
-5.1889e-05 0.00012692
-5.1889e-05 0.00012692
6.2656e-05 1.5421e-05
6.2656e-05 1.5421e-05
6.2656e-05 1.5421e-05
-3.589e-06 -4.7448e-05
1.4356e-05 0.00018979
1.4356e-05 0.00018979
-5.1889e-05 0.00012692
-3.589e-06 -4.7448e-05
-3.589e-06 -4.7448e-05
-3.589e-06 -4.7448e-05
6.445e-05 3.9145e-05
-5.0094e-05 0.00015065
-1.7945e-06 -2.3724e-05
-5.1889e-05 0.00012692
-5.0094e-05 0.00015065
6.2656e-05 1.5421e-05
-3.589e-06 -4.7448e-05
-1.7945e-06 -2.3724e-05
-1.7945e-06 -2.3724e-05
-1.7945e-06 -2.3724e-05
0 -0
0 -0
6.445e-05 3.9145e-05
-1.7945e-06 -2.3724e-05
-1.7945e-06 -2.3724e-05
0 -0
-1.7945e-06 -2.3724e-05
-1.7945e-06 -2.3724e-05
-1.7945e-06 -2.3724e-05
-1.7945e-06 -2.3724e-05
6.445e-05 3.9145e-05
-5.0094e-05 0.00015065
0 -0
-1.7945e-06 -2.3724e-05
-4.83e-05 0.00017437
0 -0
6.6245e-05 6.2868e-05
-4.83e-05 0.00017437
0 -0
0 -0
0 -0
-1.7945e-06 -2.3724e-05
6.6245e-05 6.2868e-05
-1.7945e-06 -2.3724e-05
-5.0094e-05 0.00015065
0 -0
0 -0
0 -0
0 -0
0 -0
-1.7945e-06 -2.3724e-05
0 -0
0.031835 -0.025412
0.036047 -0.020953
0.040225 -0.016921
0.044617 -0.013325
0.049394 -0.009519
0.054205 -0.0052617
0.059816 -0.00017888
0.065053 0.0056501
0.069189 0.010742
0.072517 0.014914
0.075762 0.019601
0.07756 0.023047
0.079863 0.027478
0.082234 0.032812
0.08347 0.036957
0.084829 0.040295
0.085604 0.042418
0.084322 0.041731
0.080783 0.037204
0.074534 0.030195
0.067086 0.021144
0.05881 0.010912
0.053513 0.0034852
0.048167 -0.0037909
0.043982 -0.0095237
0.041005 -0.01312
0.038921 -0.015473
0.037506 -0.016286
0.036047 -0.016063
0.0326 -0.01449
0.027972 -0.010647
0.022139 -0.004027
0.015458 0.0052015
0.0079793 0.014443
0.0023798 0.023332
-0.002189 0.030403
-0.005974 0.035641
-0.0092346 0.040496
-0.012617 0.045368
-0.014915 0.048318
-0.016449 0.050804
-0.017289 0.052693
-0.017202 0.053855
-0.017146 0.054591
-0.016459 0.053922
-0.016423 0.054396
-0.016373 0.055061
-0.015966 0.054741
-0.015297 0.05302
-0.014317 0.050538
-0.013388 0.048182
-0.012531 0.046507
-0.011767 0.044413
-0.010786 0.041931
-0.0097362 0.038743
-0.008695 0.035437
-0.0079455 0.032339
-0.0073176 0.030072
-0.006568 0.027789
-0.0059704 0.025934
-0.0054571 0.023778
-0.0049079 0.022098
-0.0044588 0.020718
-0.0043697 0.018645
-0.0040066 0.016941
-0.0034913 0.015624
-0.0030656 0.013937
-0.002579 0.01224
-0.0022553 0.01083
-0.0014967 0.0086651
-0.0011139 0.0072227
-0.00069532 0.0054399
-0.00026242 0.0038468
0.0001473 0.0027603
0.00026528 0.0018813
0.00074141 0.0016725
0.0010172 0.0020663
0.0010333 0.0022799
0.00092773 0.00251
0.00073992 0.0032786
0.00071136 0.003714
0.00019755 0.0034245
-0.00028934 0.003491
-0.00074049 0.0032169
-0.00061174 0.0024803
-0.00040778 0.0019252
-0.00022176 0.0011328
-0.00016628 0.0010533
-6.0709e-05 0.00082322
-7.1476e-05 0.00068087
-1.5998e-05 0.0006014
-7.6859e-05 0.0006097
-9.1216e-05 0.00041991
-8.5832e-05 0.00049108
-8.4038e-05 0.00051481
-3.2149e-05 0.00038788
-3.0354e-05 0.00041161
-4.83e-05 0.00017437
-4.6505e-05 0.00019809
-4.4711e-05 0.00022182
-4.4711e-05 0.00022182
5.3836e-06 7.1171e-05
8.9726e-06 0.00011862
-3.9327e-05 0.00029299
8.9726e-06 0.00011862
7.1781e-06 9.4895e-05
8.9726e-06 0.00011862
1.0767e-05 0.00014234
1.0767e-05 0.00014234
1.0767e-05 0.00014234
1.0767e-05 0.00014234
1.2562e-05 0.00016607
1.2562e-05 0.00016607
1.0767e-05 0.00014234
1.2562e-05 0.00016607
-5.3683e-05 0.0001032
1.2562e-05 0.00016607
1.2562e-05 0.00016607
1.2562e-05 0.00016607
1.2562e-05 0.00016607
-5.3683e-05 0.0001032
1.2562e-05 0.00016607
-5.3683e-05 0.0001032
1.4356e-05 0.00018979
-5.1889e-05 0.00012692
1.4356e-05 0.00018979
1.4356e-05 0.00018979
1.4356e-05 0.00018979
1.4356e-05 0.00018979
6.2656e-05 1.5421e-05
6.2656e-05 1.5421e-05
-3.589e-06 -4.7448e-05
-5.1889e-05 0.00012692
6.2656e-05 1.5421e-05
1.4356e-05 0.00018979
-5.1889e-05 0.00012692
-1.7945e-06 -2.3724e-05
1.6151e-05 0.00021351
-1.7945e-06 -2.3724e-05
-5.0094e-05 0.00015065
6.445e-05 3.9145e-05
-1.7945e-06 -2.3724e-05
-1.7945e-06 -2.3724e-05
-1.7945e-06 -2.3724e-05
-3.589e-06 -4.7448e-05
6.445e-05 3.9145e-05
-1.7945e-06 -2.3724e-05
-1.7945e-06 -2.3724e-05
-1.7945e-06 -2.3724e-05
1.6151e-05 0.00021351
-1.7945e-06 -2.3724e-05
-1.7945e-06 -2.3724e-05
-1.7945e-06 -2.3724e-05
-1.7945e-06 -2.3724e-05
-1.7945e-06 -2.3724e-05
-1.7945e-06 -2.3724e-05
-1.7945e-06 -2.3724e-05
6.445e-05 3.9145e-05
0 -0
-1.7945e-06 -2.3724e-05
-5.0094e-05 0.00015065
-4.83e-05 0.00017437
0 -0
-1.7945e-06 -2.3724e-05
6.445e-05 3.9145e-05
0 -0
0 -0
1.7945e-05 0.00023724
6.6245e-05 6.2868e-05
0 -0
0 -0
0 -0
0 -0
0 -0
-1.7945e-06 -2.3724e-05
0 -0
0 -0
-4.83e-05 0.00017437
6.445e-05 3.9145e-05
0 -0
0 -0
0.031835 -0.025412
0.034623 -0.023515
0.036802 -0.02235
0.039095 -0.021297
0.041086 -0.020178
0.043292 -0.017842
0.045002 -0.015559
0.046491 -0.013749
0.047272 -0.012369
0.047471 -0.011366
0.047249 -0.010233
0.047122 -0.0094727
0.045767 -0.0095036
0.044682 -0.0092118
0.041436 -0.011477
0.03879 -0.01313
0.034895 -0.015858
0.030815 -0.018585
0.026348 -0.022362
0.024231 -0.024326
0.021419 -0.02737
0.019794 -0.030145
0.018283 -0.033054
0.017241 -0.035453
0.016279 -0.037599
0.015633 -0.038829
0.014014 -0.040717
0.012902 -0.041596
0.011968 -0.041756
0.011825 -0.040394
0.01148 -0.037639
0.010722 -0.033029
0.009529 -0.026851
0.0082736 -0.019872
0.0057439 -0.011857
0.0032448 -0.0034388
0.0011751 0.004154
-3.9139e-05 0.010863
-0.0018194 0.01578
-0.003027 0.019324
-0.0043151 0.023431
-0.0051667 0.025992
-0.0055496 0.026619
-0.0057879 0.025909
-0.0057578 0.023867
-0.0057026 0.022158
-0.0051408 0.020643
-0.0049977 0.020096
-0.0046417 0.019113
-0.004214 0.018264
-0.0035251 0.016804
-0.0030403 0.015084
-0.0024624 0.013782
-0.0020043 0.012521
-0.0017397 0.011143
-0.0014822 0.0096698
-0.0013642 0.0087908
-0.0012462 0.0079119
-0.0010762 0.0077209
-0.00094564 0.007008
-0.00078998 0.0066272
-0.00080074 0.0064849
-0.00086878 0.0063983
-0.00072927 0.005804
-0.0006219 0.0055976
-0.00056463 0.0055419
-0.00051095 0.0054387
-0.00050736 0.0054861
-0.00032836 0.0054138
-0.00033016 0.00539
-0.00036066 0.0049867
-0.00037861 0.0047495
-0.00044126 0.0047341
-0.0003321 0.0045514
-0.00033569 0.004504
-0.00035528 0.0050579
-0.00011527 0.0057922
4.0699e-05 0.0070412
2.829e-05 0.0076901
4.0852e-05 0.0078561
-0.00024356 0.0089735
-0.00025956 0.0095749
-0.00097898 0.010632
-0.0016002 0.010549
-0.0022141 0.010561
-0.0019532 0.0083199
-0.0016438 0.0067198
-0.00095507 0.0044447
-0.0003683 0.0024471
-0.00028247 0.001956
-0.00034512 0.0019406
-0.00029144 0.0018374
-0.00023776 0.0017342
-0.00020202 0.0013938
-5.5325e-05 0.00089439
-1.9587e-05 0.00055395
-8.2243e-05 0.00053853
-1.4204e-05 0.00062512
-2.856e-05 0.00043533
-2.6765e-05 0.00045906
-2.4971e-05 0.00048278
2.5123e-05 0.00033213
-3.9327e-05 0.00029299
-3.9327e-05 0.00029299
1.0767e-05 0.00014234
-3.7532e-05 0.00031671
-3.7532e-05 0.00031671
-3.7532e-05 0.00031671
1.0767e-05 0.00014234
1.0767e-05 0.00014234
1.2562e-05 0.00016607
1.2562e-05 0.00016607
1.2562e-05 0.00016607
1.2562e-05 0.00016607
-5.3683e-05 0.0001032
1.2562e-05 0.00016607
1.2562e-05 0.00016607
1.2562e-05 0.00016607
1.2562e-05 0.00016607
1.2562e-05 0.00016607
-5.3836e-06 -7.1171e-05
1.4356e-05 0.00018979
-5.1889e-05 0.00012692
1.4356e-05 0.00018979
-5.1889e-05 0.00012692
1.4356e-05 0.00018979
6.2656e-05 1.5421e-05
1.4356e-05 0.00018979
-5.1889e-05 0.00012692
-3.589e-06 -4.7448e-05
-5.1889e-05 0.00012692
-5.1889e-05 0.00012692
-5.1889e-05 0.00012692
-3.589e-06 -4.7448e-05
-5.1889e-05 0.00012692
-5.1889e-05 0.00012692
-3.589e-06 -4.7448e-05
-5.0094e-05 0.00015065
-1.7945e-06 -2.3724e-05
-1.7945e-06 -2.3724e-05
-1.7945e-06 -2.3724e-05
-5.0094e-05 0.00015065
-1.7945e-06 -2.3724e-05
-5.0094e-05 0.00015065
6.445e-05 3.9145e-05
-3.589e-06 -4.7448e-05
-1.7945e-06 -2.3724e-05
-1.7945e-06 -2.3724e-05
-5.0094e-05 0.00015065
-1.7945e-06 -2.3724e-05
6.445e-05 3.9145e-05
6.445e-05 3.9145e-05
-1.7945e-06 -2.3724e-05
-1.7945e-06 -2.3724e-05
-1.7945e-06 -2.3724e-05
0 -0
-1.7945e-06 -2.3724e-05
-1.7945e-06 -2.3724e-05
0 -0
-1.7945e-06 -2.3724e-05
1.6151e-05 0.00021351
-5.0094e-05 0.00015065
0 -0
-5.0094e-05 0.00015065
6.6245e-05 6.2868e-05
0 -0
-4.83e-05 0.00017437
-4.83e-05 0.00017437
0 -0
0 -0
0 -0
0 -0
0 -0
0 -0
0 -0
0 -0
0 -0
0 -0
0 -0
0 -0
0 -0
0.031835 -0.025412
0.030508 -0.029137
0.030259 -0.030805
0.030144 -0.032324
0.030264 -0.033179
0.029731 -0.033729
0.029156 -0.03401
0.029077 -0.033424
0.027566 -0.034704
0.026157 -0.035447
0.024899 -0.036641
0.022832 -0.038756
0.020987 -0.040398
0.019223 -0.041763
0.017631 -0.043296
0.016063 -0.04452
0.014874 -0.044789
0.013417 -0.045357
0.011881 -0.046155
0.010916 -0.045903
0.0097492 -0.045888
0.0083689 -0.046251
0.0076207 -0.046388
0.0073181 -0.046323
0.0069745 -0.045989
0.0067025 -0.04552
0.006375 -0.044972
0.0062161 -0.043009
0.0064063 -0.040494
0.0069047 -0.036344
0.0074927 -0.031822
0.0081864 -0.026715
0.0090467 -0.021032
0.0093718 -0.015108
0.0090865 -0.0091253
0.0083806 -0.0030129
0.0076282 0.0032976
0.0069097 0.009244
0.0051655 0.01545
0.0040962 0.021636
0.0030805 0.027719
0.0019481 0.031445
0.00039475 0.03367
-0.00049305 0.034127
-0.0019664 0.033345
-0.0025 0.032795
-0.0031843 0.030251
-0.0030774 0.0276
-0.0032284 0.023978
-0.0027976 0.020731
-0.0027821 0.017685
-0.0026357 0.015556
-0.0025573 0.01334
-0.0023964 0.012215
-0.0024073 0.011258
-0.0024254 0.010206
-0.0022825 0.0088442
-0.0020983 0.0080281
-0.001948 0.0075762
-0.0017458 0.0069973
-0.0014722 0.0057376
-0.0011698 0.0048574
-0.001075 0.004485
-0.001084 0.0043664
-0.001075 0.004485
-0.0010195 0.0044055
-0.0010804 0.0044138
-0.00096225 0.0043498
-0.00091395 0.0041754
-0.00086924 0.0039536
-0.00095164 0.0036772
-0.00085863 0.003281
-0.00080494 0.0031778
-0.00081033 0.0031066
-0.00067963 0.0032086
-0.0004486 0.0038243
-0.00025868 0.0047092
-6.3383e-05 0.0056652
7.8079e-05 0.0059096
0.00021236 0.0060591
0.00031629 0.0066201
0.00017155 0.0079581
-0.00014158 0.008696
-0.00058376 0.0085406
-0.0013175 0.0094077
-0.0016275 0.0077482
-0.0013289 0.0060057
-0.00073675 0.0040793
-0.00033959 0.0028267
-0.00030385 0.0024863
-0.00015177 0.002058
-0.00011424 0.0017413
-1.2257e-05 0.0014638
2.3481e-05 0.0011233
9.1251e-06 0.00093353
-5.2311e-06 0.00074374
-1.9587e-05 0.00055395
-1.5998e-05 0.0006014
-2.856e-05 0.00043533
-2.6765e-05 0.00045906
-2.4971e-05 0.00048278
-2.3176e-05 0.0005065
2.6918e-05 0.00035586
-3.9327e-05 0.00029299
2.8712e-05 0.00037958
-3.7532e-05 0.00031671
-3.7532e-05 0.00031671
-3.7532e-05 0.00031671
-3.7532e-05 0.00031671
-5.5478e-05 7.9475e-05
1.2562e-05 0.00016607
1.0767e-05 0.00014234
1.2562e-05 0.00016607
-0.00010198 0.00027757
1.2562e-05 0.00016607
1.2562e-05 0.00016607
-5.3683e-05 0.0001032
1.2562e-05 0.00016607
-5.3836e-06 -7.1171e-05
-5.3683e-05 0.0001032
-5.3683e-05 0.0001032
1.4356e-05 0.00018979
-3.589e-06 -4.7448e-05
1.4356e-05 0.00018979
1.4356e-05 0.00018979
1.4356e-05 0.00018979
-3.589e-06 -4.7448e-05
-5.1889e-05 0.00012692
-5.1889e-05 0.00012692
6.2656e-05 1.5421e-05
-3.589e-06 -4.7448e-05
-5.1889e-05 0.00012692
-5.1889e-05 0.00012692
-3.589e-06 -4.7448e-05
-5.1889e-05 0.00012692
-3.589e-06 -4.7448e-05
-3.589e-06 -4.7448e-05
-5.0094e-05 0.00015065
-1.7945e-06 -2.3724e-05
-1.7945e-06 -2.3724e-05
-1.7945e-06 -2.3724e-05
-1.7945e-06 -2.3724e-05
1.4356e-05 0.00018979
-5.1889e-05 0.00012692
6.445e-05 3.9145e-05
6.2656e-05 1.5421e-05
6.2656e-05 1.5421e-05
-3.589e-06 -4.7448e-05
-3.589e-06 -4.7448e-05
-5.0094e-05 0.00015065
-5.0094e-05 0.00015065
6.445e-05 3.9145e-05
-3.589e-06 -4.7448e-05
6.445e-05 3.9145e-05
-1.7945e-06 -2.3724e-05
-1.7945e-06 -2.3724e-05
-1.7945e-06 -2.3724e-05
-1.7945e-06 -2.3724e-05
-3.589e-06 -4.7448e-05
-1.7945e-06 -2.3724e-05
-5.0094e-05 0.00015065
-1.7945e-06 -2.3724e-05
0 -0
0 -0
0 -0
0 -0
0 -0
0 -0
0 -0
0 -0
-1.7945e-06 -2.3724e-05
0 -0
0 -0
0 -0
0 -0
0 -0
-4.83e-05 0.00017437
-1.7945e-06 -2.3724e-05
-1.7945e-06 -2.3724e-05
0 -0
0 -0
,,,,,
S,c,o,r,e,s
 
-2547.9 -2617.4
-6857.6 1923.8
9405.4 693.61
,,,,,,,
V,a,r,i,a,n,c,e

7.099e+07
5.5164e+06
