,,,,,,,,,,,,,,,,,,,
P,r,i,n,c,i,p,a,l, ,C,o,m,p,o,n,e,n,t,s
         
0.46885 -0.14772 0.18766 0.56925 0.17548 -0.19994 -0.32382 0.28655 -0.0091777 0.09391
0.44287 -0.13023 0.11535 0.26633 -0.12957 0.32307 0.48151 -0.14385 0.070087 -0.08658
0.40492 -0.095156 0.054007 0.0032082 -0.17647 0.12851 0.051796 -0.18315 -0.053527 -0.066472
0.35345 -0.046683 -0.022348 -0.30365 -0.22628 -0.18708 -0.41208 -0.2256 -0.10842 0.04799
0.30073 0.0072136 -0.062931 -0.35596 -0.1486 -0.11458 -0.089955 -0.12088 -0.0013642 0.027448
0.25546 0.054773 -0.081221 -0.32566 -0.037088 -0.061224 0.060301 0.021114 0.045117 0.00586
0.21522 0.096781 -0.088581 -0.26251 0.057367 0.032828 0.23068 0.15256 0.092356 0.047135
0.17796 0.136 -0.089315 -0.17681 0.19465 0.011544 0.12508 0.28024 0.071426 0.041068
0.14657 0.16634 -0.088848 -0.10784 0.24171 0.077678 0.18576 0.27502 0.026907 -0.042338
0.11988 0.18965 -0.088501 -0.072597 0.24095 0.05634 0.08074 0.19177 -0.00076372 -0.0051485
0.097021 0.20782 -0.081548 -0.026658 0.23672 0.01265 -0.069004 0.11525 -0.051136 -0.010234
0.077363 0.22145 -0.071305 0.023316 0.22116 -0.045339 -0.18349 0.031046 -0.078518 -0.049218
0.06111 0.22963 -0.062295 0.058247 0.17098 -0.048552 -0.16075 -0.099673 -0.082179 -0.08398
0.047954 0.23364 -0.052508 0.083632 0.12309 -0.039007 -0.089927 -0.18691 -0.061277 -0.10256
0.036651 0.23522 -0.042788 0.097834 0.089971 -0.057208 -0.053753 -0.22222 -0.044652 -0.11322
0.026935 0.23484 -0.034457 0.10224 0.067036 -0.071482 0.00995 -0.22222 -0.012697 -0.016305
0.019186 0.23232 -0.023497 0.10277 0.035481 -0.072298 0.040986 -0.19658 0.02151 0.033383
0.01308 0.22785 -0.012658 0.098007 0.0016249 -0.055542 0.082158 -0.17024 0.071298 0.11674
0.0080245 0.22242 -0.0016102 0.092103 -0.030973 -0.048624 0.10881 -0.13882 0.10364 0.17148
0.0039276 0.21586 0.010742 0.085475 -0.061553 -0.019981 0.091985 -0.10835 0.095002 0.15268
0.00076835 0.20832 0.022116 0.073687 -0.093855 0.0054753 0.063995 -0.090378 0.067674 0.088906
-0.0017753 0.20025 0.033822 0.063322 -0.12512 0.028163 0.03405 -0.074916 0.041584 -0.027677
-0.0037906 0.1921 0.044014 0.049765 -0.14414 0.050302 0.017924 -0.032034 0.021332 -0.080591
-0.0053283 0.18314 0.054529 0.040579 -0.16069 0.065767 -0.013971 -0.011847 -0.0049514 -0.088406
-0.006454 0.17405 0.064226 0.030691 -0.16739 0.091363 -0.040757 0.0216 -0.018711 -0.084081
-0.0072565 0.16462 0.073049 0.019956 -0.16894 0.11428 -0.055546 0.057307 -0.020673 -0.0054197
-0.0078063 0.15507 0.080613 0.0058578 -0.16081 0.14394 -0.060928 0.10929 -0.023787 0.04213
-0.0081444 0.14501 0.08782 -0.0052372 -0.15232 0.16027 -0.068536 0.13906 -0.041844 0.033408
-0.0083404 0.1344 0.096035 -0.011585 -0.14704 0.15759 -0.079832 0.15147 -0.091376 -0.068792
-0.0084097 0.1237 0.10383 -0.016355 -0.14159 0.13602 -0.086939 0.16587 -0.036036 0.13886
-0.0083755 0.11276 0.11087 -0.019338 -0.13529 0.11079 -0.081492 0.15215 -0.071657 0.023106
-0.0082613 0.1017 0.1185 -0.019592 -0.13138 0.066644 -0.076217 0.13837 -0.065594 0.017935
-0.0080575 0.090845 0.12552 -0.019971 -0.12472 0.019666 -0.051091 0.13781 -0.030554 0.027022
-0.0077952 0.079951 0.13287 -0.018135 -0.11754 -0.042096 -0.034774 0.13424 -0.0093243 0.028603
-0.0075265 0.069524 0.13908 -0.016731 -0.10847 -0.09749 -0.0010882 0.13397 0.015969 -0.027847
-0.007249 0.059346 0.14501 -0.015366 -0.10038 -0.14805 0.025184 0.12697 0.025226 -0.05482
-0.0069609 0.050103 0.15002 -0.015025 -0.089642 -0.19365 0.04666 0.12137 0.037261 -0.019163
-0.0066579 0.041755 0.15226 -0.015681 -0.075183 -0.22354 0.076618 0.11133 0.055925 -0.051196
-0.0063963 0.03435 0.15301 -0.018959 -0.057183 -0.23529 0.097037 0.090635 0.06012 -0.037738
-0.0061678 0.027611 0.1529 -0.019789 -0.039426 -0.23981 0.10533 0.050836 0.048905 -0.023305
-0.0059362 0.021502 0.15181 -0.021235 -0.019926 -0.23628 0.12105 0.0097467 0.03365 0.0035898
-0.0057222 0.016104 0.1503 -0.024247 0.0017614 -0.22386 0.12972 -0.015212 -0.0018691 -0.043182
-0.0055206 0.011453 0.14873 -0.02706 0.019833 -0.20581 0.12561 -0.038869 -0.040646 -0.095498
-0.0053407 0.0078401 0.14667 -0.03201 0.036987 -0.17862 0.11759 -0.046011 -0.058618 -0.072841
-0.0051751 0.0049274 0.14505 -0.034752 0.048998 -0.14643 0.10638 -0.052986 -0.087711 -0.10182
-0.0050202 0.002691 0.1429 -0.038243 0.063349 -0.11655 0.087018 -0.046169 -0.10078 -0.063704
-0.0048388 0.00088076 0.14103 -0.04042 0.067447 -0.078328 0.075482 -0.054588 -0.094972 0.016689
-0.004691 -0.00039966 0.13925 -0.042362 0.073799 -0.048834 0.048809 -0.050102 -0.088339 0.067408
-0.0045503 -0.0014214 0.13705 -0.044144 0.075994 -0.018658 0.043256 -0.049283 -0.08226 0.08697
-0.0044295 -0.0022083 0.1347 -0.046008 0.079515 0.0043812 0.037043 -0.045186 -0.080024 0.070464
-0.0042665 -0.003006 0.13263 -0.046473 0.078984 0.018293 0.024481 -0.05162 -0.088277 0.042594
-0.0041663 -0.0033871 0.13024 -0.048141 0.080853 0.029876 0.015004 -0.04328 -0.086711 0.026311
-0.0040695 -0.0036798 0.12769 -0.048905 0.08212 0.037693 0.0085137 -0.039125 -0.076812 0.048198
-0.0039609 -0.0039404 0.12523 -0.048712 0.079985 0.041551 0.0010013 -0.043673 -0.059996 0.071675
-0.0038541 -0.0039993 0.12293 -0.047819 0.080621 0.047584 -0.0061782 -0.038425 -0.045442 0.080552
-0.0037558 -0.0039856 0.1204 -0.048058 0.081287 0.049777 -0.010332 -0.031567 -0.044039 0.10764
-0.0036534 -0.0041651 0.11851 -0.04604 0.077835 0.052773 -0.010178 -0.042922 -0.033797 0.15625
-0.0035487 -0.0041141 0.11589 -0.044793 0.076827 0.056043 -0.010928 -0.036455 -0.035514 0.08499
-0.003428 -0.0041346 0.1135 -0.044336 0.07457 0.058058 -0.0068593 -0.036337 -0.032948 0.078284
-0.0033355 -0.0041307 0.11119 -0.04322 0.072886 0.05709 -0.0087505 -0.040903 -0.041821 0.013064
-0.0032018 -0.0041435 0.10901 -0.041787 0.072369 0.056854 -0.011678 -0.038401 -0.020256 0.048667
-0.0030992 -0.0041022 0.10664 -0.041995 0.068781 0.060156 -0.010956 -0.042217 -0.0070103 0.10577
-0.0029955 -0.0040446 0.10456 -0.041308 0.067365 0.063378 -0.0094164 -0.042909 -0.00045754 0.081243
-0.0028719 -0.0039471 0.10236 -0.041296 0.066136 0.062508 -0.0068917 -0.040485 0.0062241 0.065125
-0.0027709 -0.0038546 0.10025 -0.040528 0.063724 0.064077 -0.010163 -0.036822 -0.0004611 -0.049194
-0.0026677 -0.0038141 0.098583 -0.039566 0.062044 0.063758 -0.0065896 -0.039584 -0.00054298 -0.033715
-0.0025753 -0.0036661 0.096509 -0.039585 0.061299 0.06351 -0.006246 -0.032366 0.0066065 -0.054607
-0.0024719 -0.0036024 0.095162 -0.036996 0.060623 0.064985 -0.013799 -0.031216 0.013806 -0.042578
-0.0024032 -0.0034653 0.093198 -0.036608 0.06034 0.061921 -0.013682 -0.027054 0.026007 -0.043376
-0.0023223 -0.0033112 0.091062 -0.03662 0.058206 0.058769 -0.014252 -0.023269 0.031916 -0.057188
-0.0022249 -0.0032633 0.089893 -0.034561 0.057222 0.058171 -0.014901 -0.027784 0.030858 -0.029739
-0.0021582 -0.0030831 0.088183 -0.034634 0.059088 0.059148 -0.019989 -0.018928 0.026698 -0.024403
-0.0020916 -0.0030842 0.086635 -0.034209 0.056543 0.057602 -0.022754 -0.023201 0.025738 -0.018855
-0.0020574 -0.00291 0.085082 -0.032885 0.05707 0.057126 -0.021128 -0.018178 0.026842 -0.0060755
-0.0020047 -0.0027858 0.083415 -0.033283 0.056631 0.053817 -0.025044 -0.015635 0.019805 -0.0041172
-0.0019334 -0.0026299 0.081811 -0.033846 0.056203 0.053297 -0.027177 -0.012521 0.021077 0.022653
-0.0018558 -0.0026664 0.080767 -0.032611 0.051301 0.052387 -0.029756 -0.021711 0.011248 -0.023419
-0.001729 -0.0024409 0.079523 -0.030865 0.053954 0.052124 -0.02456 -0.012167 0.019156 0.0054201
-0.0016046 -0.0024374 0.078253 -0.030012 0.050614 0.049983 -0.023272 -0.018743 0.015598 0.018922
-0.0014639 -0.0023622 0.077413 -0.028843 0.049599 0.052684 -0.021996 -0.017117 0.025801 0.035425
-0.0012805 -0.0022778 0.076535 -0.027292 0.04878 0.055642 -0.029645 -0.011488 0.021826 0.0047435
-0.0011791 -0.0023262 0.07543 -0.026901 0.046572 0.052479 -0.033714 -0.018511 0.02561 -0.046198
-0.0010689 -0.0022631 0.074058 -0.02677 0.045038 0.049626 -0.028515 -0.01832 0.027528 -0.069032
-0.00089176 -0.0023841 0.073284 -0.024765 0.042502 0.048784 -0.034827 -0.027722 0.023393 -0.077102
-0.00075221 -0.0023736 0.072048 -0.025057 0.041358 0.047912 -0.036461 -0.02738 0.031529 -0.072425
-0.00063199 -0.0023732 0.071024 -0.024648 0.038338 0.048036 -0.040226 -0.030739 0.023128 -0.080545
-0.00047879 -0.0023118 0.070254 -0.022058 0.037689 0.047239 -0.040264 -0.032963 0.019779 -0.064437
-0.0003894 -0.0021071 0.068918 -0.02182 0.037681 0.051082 -0.036276 -0.028255 0.02171 -0.061508
-0.00025206 -0.0019925 0.06796 -0.021898 0.035726 0.051157 -0.037688 -0.026341 0.013786 -0.059864
-0.00016433 -0.0018927 0.066941 -0.020457 0.034756 0.048165 -0.035446 -0.02856 0.011193 -0.060942
-0.00014735 -0.00157 0.065625 -0.020649 0.035678 0.055354 -0.023427 -0.020464 0.016294 -0.034427
-9.9497e-05 -0.0014444 0.064763 -0.018799 0.034566 0.06115 -0.010987 -0.022275 0.013402 -0.028859
-7.3359e-05 -0.0013245 0.064017 -0.017919 0.032868 0.062097 -0.014247 -0.023995 -0.0030326 -0.044998
-3.1117e-05 -0.0012224 0.063014 -0.017836 0.030974 0.064669 -0.012999 -0.026117 -0.0024436 -0.033317
-6.2991e-05 -0.00093422 0.061743 -0.019053 0.03187 0.06297 -0.015312 -0.020234 0.0012198 -0.0082753
-9.2367e-05 -0.00077847 0.060816 -0.018107 0.031121 0.057928 -0.011657 -0.022103 0.0090137 0.028206
-0.00012373 -0.00059761 0.059893 -0.017965 0.030489 0.054919 -0.019978 -0.022338 0.013462 0.061734
-0.00017283 -0.00050356 0.059176 -0.017046 0.029828 0.053247 -0.031755 -0.023965 0.0065094 0.034706
-0.00022359 -0.00033927 0.058019 -0.017034 0.031001 0.043729 -0.044216 -0.019776 -0.0045941 -0.016489
-0.00027252 -0.00026782 0.056642 -0.018474 0.028505 0.044994 -0.052433 -0.019975 -0.0093131 -0.085471
-0.00030307 -0.000217 0.054678 -0.020147 0.025961 0.040206 -0.061705 -0.021299 0.0015746 -0.13334
-0.00037426 -6.0238e-05 0.052881 -0.021171 0.0277 0.0401 -0.071388 -0.01434 0.031076 -0.12766
-0.00040763 4.1722e-05 0.050587 -0.022887 0.027632 0.040089 -0.076356 -0.0091486 0.074905 -0.13961
-0.00040935 -0.00011797 0.048247 -0.023294 0.023928 0.038757 -0.082335 -0.015476 0.13285 -0.1783
-0.00042996 -0.0001229 0.045129 -0.023022 0.022967 0.0294 -0.082958 -0.013083 0.19809 -0.12704
-0.00043225 -0.0001775 0.04194 -0.020788 0.020983 0.020313 -0.075562 -0.0068084 0.28388 -0.071986
-0.00049146 -0.0003612 0.038604 -0.017814 0.016174 0.00070852 -0.080052 -0.0094285 0.34288 -0.011582
-0.00050702 -0.00054941 0.035178 -0.015663 0.014494 -0.012089 -0.074812 -0.0063314 0.37148 0.025789
-0.00056108 -0.00070852 0.032289 -0.012399 0.013451 -0.022253 -0.071389 -0.0094034 0.3521 0.0075578
-0.00058884 -0.0010151 0.02978 -0.0091898 0.01115 -0.021721 -0.054333 -0.021539 0.2891 -0.01063
-0.00064759 -0.0011934 0.027391 -0.0083036 0.0091032 -0.020142 -0.037314 -0.028923 0.20945 0.03544
-0.00064182 -0.0012307 0.025548 -0.0078906 0.011107 -0.013487 -0.022275 -0.025901 0.17446 0.17353
-0.00061045 -0.0013822 0.024385 -0.0059228 0.0097104 -0.0065023 -0.016029 -0.028906 0.15063 0.25364
-0.0005512 -0.0014997 0.023261 -0.0046636 0.0081802 0.00033889 -0.01536 -0.028614 0.13636 0.26438
-0.00054047 -0.0015798 0.021962 -0.003637 0.0075019 0.0051402 -0.013048 -0.025716 0.09972 0.19218
-0.0004833 -0.0016425 0.020878 -0.002743 0.0085014 0.017795 -0.0037368 -0.01716 0.070908 0.11629
-0.00074905 -0.0015802 0.018174 -0.011367 0.0003311 0.0076891 -0.010377 -0.028426 0.059868 0.086292
-0.00071556 -0.0015529 0.017121 -0.011511 0.0011658 0.0076043 -0.0029407 -0.025958 0.034821 0.036741
-0.00068714 -0.001496 0.016523 -0.011346 0.0017465 0.0083417 -0.0045818 -0.027455 0.032031 0.014357
-0.00066384 -0.0014537 0.016271 -0.01099 0.0023023 0.0067319 -0.014604 -0.027679 0.024413 0.0029065
-0.00067898 -0.001261 0.016017 -0.0097155 0.0073844 -0.0064195 -0.033756 -0.019938 0.018281 0.025915
-0.00066458 -0.0011393 0.015458 -0.0091236 0.0074301 -0.0057016 -0.027683 -0.018533 0.018318 0.028014
-0.00063705 -0.0010914 0.014753 -0.0096323 0.0081429 -0.0050353 -0.026081 -0.015005 0.022295 0.030297
-0.00062362 -0.00098376 0.014097 -0.0092037 0.0084882 -0.0065839 -0.017882 -0.012539 0.017256 0.021972
-0.00059963 -0.00087551 0.013615 -0.0097576 0.0091529 -9.3885e-05 -0.018958 -0.0064236 0.014676 0.0098817
-0.00057324 -0.00080806 0.013011 -0.010236 0.0096229 0.0017496 -0.019108 -0.0032701 0.015534 0.0078306
-0.00053709 -0.00077799 0.012505 -0.010804 0.0088317 -0.0016625 -0.024136 -0.0028045 0.011555 0.02446
-0.0005218 -0.00071492 0.0119 -0.010914 0.0096628 0.00024452 -0.020262 0.0010342 0.014999 0.0080544
-0.00050375 -0.00065937 0.011474 -0.010763 0.0099133 0.0040677 -0.018895 0.0040421 0.010349 -0.015513
-0.00048323 -0.00071683 0.011197 -0.010003 0.0086968 0.0012373 -0.021328 -0.0010152 0.010198 -0.0096518
-0.0004678 -0.00058253 0.010539 -0.010573 0.0099189 0.0039689 -0.016562 0.00607 0.0062422 -0.039349
-0.00045777 -0.00062014 0.010502 -0.0085224 0.0074686 0.0021347 -0.018484 -0.00051335 0.0070127 -0.023986
-0.00043974 -0.00057605 0.0099396 -0.0086993 0.007959 0.0015001 -0.015756 0.00074588 0.0074111 -0.023568
-0.00042838 -0.0006172 0.0097898 -0.0070559 0.0060708 0.00053668 -0.018583 -0.0058944 0.0014062 -0.028107
-0.00041234 -0.00053938 0.0093225 -0.0074258 0.0068477 0.0020737 -0.014139 0.00043884 0.0094918 -0.0056844
-0.00039827 -0.00056121 0.0092533 -0.006048 0.0048212 0.00098433 -0.018196 -0.0056412 0.0031367 -0.021664
-0.00038636 -0.00058681 0.0089306 -0.0052071 0.0042887 0.00053347 -0.017581 -0.0094702 -0.00041708 -0.010813
-0.00037428 -0.0004627 0.0083645 -0.0055409 0.0053225 0.0026318 -0.011959 -0.0035266 0.0077267 0.011888
-0.00035831 -0.00039552 0.0079721 -0.0056496 0.0055288 0.0047846 -0.011469 -0.00094717 0.0034349 0.01625
-0.00034357 -0.00044529 0.0078357 -0.0045234 0.0038251 0.0018446 -0.014383 -0.0066424 0.0060551 -0.0015624
-0.00033239 -0.0002884 0.0071772 -0.0053821 0.0056286 0.0047476 -0.0073356 0.0014418 0.010128 0.0091544
-0.00031241 -0.00030627 0.0068698 -0.0052652 0.0048617 0.0029923 -0.011452 -0.0011326 0.0088184 -0.0017831
-0.0002961 -0.00035498 0.0066807 -0.0045717 0.0033204 -0.0023357 -0.014136 -0.0054316 0.0082869 0.0013503
-0.00028222 -0.00032741 0.0062393 -0.004734 0.0037052 -0.0027079 -0.012816 -0.0050095 0.0097915 -0.00092597
-0.0002757 -0.00030208 0.0061236 -0.0038437 0.0027533 -0.0031378 -0.012145 -0.0068642 0.00219 -0.021256
-0.00026715 -0.00028073 0.0058618 -0.003444 0.0026187 -0.0028855 -0.01085 -0.0085402 -0.0029778 -0.024463
-0.00024946 -0.00021555 0.0054658 -0.0036428 0.0021355 -0.0053279 -0.012185 -0.0063173 0.0019216 -0.028335
-0.00023644 -0.00020096 0.0052979 -0.0037633 0.0024525 -0.00021032 -0.013818 -0.0042114 -0.0013187 -0.035926
-0.00022319 -0.00011553 0.0047081 -0.004279 0.0034239 -0.00057724 -0.010173 -0.0019946 -0.0019467 -0.03164
-0.0002114 1.1325e-05 0.0043052 -0.0052765 0.0051266 0.0060573 -0.0063902 0.0082027 0.00082385 -0.01551
-0.00020597 4.9372e-05 0.0040909 -0.004612 0.004475 0.0044867 -0.0045497 0.0076657 0.0037234 -0.018911
-0.00018557 -3.997e-05 0.0039727 -0.0040694 0.0027378 -0.0017532 -0.0098599 0.0001791 0.0036322 -0.012708
-0.0001716 -5.5101e-05 0.003881 -0.0040993 0.0026134 8.2407e-05 -0.011045 0.0014385 0.0040292 0.010969
-0.00016668 2.5259e-06 0.0035566 -0.0039751 0.0029238 0.00052613 -0.0081736 0.0025951 0.004361 0.0050409
-0.00016559 -5.5599e-05 0.0035502 -0.002968 0.0025315 0.0024674 -0.0067668 -6.5085e-05 0.0021166 0.0012434
-0.00015969 -1.477e-06 0.0033529 -0.0025859 0.0021206 -0.00019728 -0.0030925 0.00046137 0.0040536 0.016565
-0.00015314 6.5303e-05 0.0030764 -0.0024654 0.0021242 0.00066181 -0.0025281 0.00061723 0.012852 0.031806
-0.00013488 4.3656e-05 0.0028521 -0.0027468 0.0016855 -0.00043359 -0.0070201 0.00016552 0.014043 0.019921
-0.00013327 0.00012144 0.0024811 -0.002668 0.0020787 -0.00097175 -0.0034 0.0016393 0.015283 0.014714
-0.00012687 0.0001286 0.0024109 -0.001949 0.001225 -0.0013395 -0.0036457 -0.00047698 0.019906 0.032529
-9.1345e-05 0.00025658 0.002646 -0.003512 0.0015508 -0.0015993 0.00022833 0.0012376 0.061642 -0.16214
-8.4303e-05 0.00026232 0.002508 -0.0030792 0.00086985 -0.0025731 -0.00080631 0.00024715 0.051489 -0.15257
-7.4805e-05 0.00028189 0.0024258 -0.0033283 0.00071589 -0.00069092 -0.0039978 0.0022859 0.046299 -0.1485
-7.7652e-05 0.00032319 0.0021562 -0.0031774 0.0013358 -0.0011473 0.0014875 0.0044009 0.042274 -0.15282
-7.2281e-05 0.00028374 0.0023326 -0.0024305 -0.00011056 -0.00021031 -0.0042464 0.0011791 0.041769 -0.1408
-7.4896e-05 0.0003458 0.0023251 -0.0018776 -0.0006548 0.0012498 -0.0038568 0.0026002 0.03963 -0.15172
-7.3477e-05 0.00030644 0.0020243 -0.001812 0.00027189 0.0012875 0.0007389 0.0031881 0.038791 -0.13722
-6.7367e-05 0.00035917 0.0014415 -0.0031785 0.0027042 0.0016236 0.0076903 0.01046 0.042826 -0.12556
-6.1696e-05 0.00035147 0.0014019 -0.0029363 0.0020898 0.00072685 0.0057 0.0091486 0.038474 -0.11628
-6.1925e-05 0.00031139 0.0012281 -0.002942 0.0028854 0.0012926 0.0089494 0.0096521 0.036489 -0.11408
-5.2596e-05 0.00029567 0.00093952 -0.0034814 0.0035268 0.00035788 0.009423 0.011162 0.039635 -0.096817
-4.7863e-05 0.00029388 0.00074134 -0.0036622 0.0039807 0.00046828 0.010754 0.012325 0.036377 -0.085737
-4.2313e-05 0.00024034 0.00075188 -0.0028912 0.002376 -0.005104 0.0076619 0.0064404 0.029262 -0.088136
-3.7146e-05 0.00022017 0.00079583 -0.0026083 0.0018608 -0.0032914 0.0046989 0.0057403 0.023509 -0.0797
-3.086e-05 0.00015259 0.00091497 -0.0015815 -1.9023e-05 -0.0068309 8.228e-05 -0.0011576 0.016255 -0.059041
-2.6237e-05 0.00013348 0.0007098 -0.0014862 0.00018534 -0.007263 0.0013679 -0.0011286 0.014883 -0.045031
-2.6677e-05 0.00010542 0.00070545 -0.00092074 0.00034568 -0.0023649 0.0019636 -0.0006448 0.013916 -0.023133
-2.372e-05 8.9248e-05 0.00035748 -0.00037283 -9.3057e-06 -0.0080885 0.0054723 -0.0029545 0.013903 -0.021448
-1.6886e-05 6.8989e-05 0.00028919 -0.00010458 -0.00019384 -0.0035729 0.0023906 -0.00071811 0.012202 -0.032616
-6.7888e-06 9.0065e-05 -7.6728e-05 -0.00023994 -5.3546e-05 -0.0052445 0.0033055 0.00057963 0.019074 0.00027344
-0 0 -0 -0 0 0 0 -0 0 0
,,,,,
S,c,o,r,e,s
         
5952.4 42065 -6125.4 -4093.1 3703.4 439.17 467.62 332.21 5.6738 0.88453
2.8412e+05 -4669.1 5281.9 4900.1 2349 109.63 39.812 72.811 0.1436 0.056537
-1.0184e+05 -18553 5946.1 -287.07 353.94 13.806 18.54 124.8 -111.04 -43.53
-19785 77802 5016.4 1302.7 -3357.5 184.38 -371.52 91.772 3.3277 0.11424
-97679 -10999 14944 -2352.4 1345.3 14.42 147.18 -377.01 17.165 27.203
-74306 4169.5 -10168 2011.7 1450.3 616.66 -467.93 -695.91 -19.391 -1.2073
1.156e+05 -26187 -3163.8 -1798.2 -4001.2 883.4 756.51 -161.99 1.3963 -0.46485
-1.1014e+05 -29994 -4282.6 2158.9 -658.58 147.94 -220.33 534.86 -60.943 36.179
-54217 9573.3 -4809.8 1978.1 -473.78 -1720.6 697.32 -158.78 8.3044 0.27792
1.6009e+05 -16625 -2637.1 -4892.4 -720.45 -876.63 -854.47 -7.7513 -2.824 0.24455
-1.078e+05 -26583 -1.4013 1071.7 9.5198 187.86 -212.73 244.99 158.19 -19.758
,,,,,,,
V,a,r,i,a,n,c,e

1.7227e+10
1.0987e+09
5.1111e+07
8.9016e+06
5.1731e+06
5.1862e+05
2.4817e+05
1.1637e+05
4186.1
433.68
