,,,,,,,,,,,,,,,,,,,
P,r,i,n,c,i,p,a,l, ,C,o,m,p,o,n,e,n,t,s
          
0.51886 -0.33713 -0.34904 -0.36826 0.19308 -0.53691 0.17826 0.047184 0.0096367 -0.0054248 -0.0018386
0.47468 -0.27308 -0.011629 -0.30513 -0.12834 0.75284 -0.11822 -0.09756 -0.007345 0.0088912 0.0029071
0.52325 -0.096163 0.020533 0.83017 0.071927 -0.039044 -0.14358 -0.0058061 -0.0030004 -0.0025509 -0.00089541
0.40369 0.36952 0.59324 -0.15504 -0.46772 -0.20384 0.22895 0.10849 -0.0007666 -0.005139 -0.0018788
0.23201 0.59048 0.094052 -0.19725 0.64086 0.030392 -0.36077 -0.089074 0.00013552 0.0053313 0.0022392
0.10785 0.49898 -0.55083 0.121 -0.047439 0.25341 0.58178 0.12802 0.0033694 0.0010102 -1.0206e-05
0.055004 0.25425 -0.42261 -0.044008 -0.52949 -0.19114 -0.4795 -0.45265 -0.0096835 -0.00032816 0.00050204
0.014652 0.059901 -0.18524 -0.050522 -0.16764 0.0041231 -0.42248 0.85794 -0.12904 0.0010007 0.0039804
0.0023824 0.0098179 -0.022614 -0.0038229 -0.029714 0.0088266 -0.064665 0.10562 0.99036 -0.03487 -0.032215
0.00065893 -0.00086675 0.00048173 0.0025042 -0.003954 -0.0098488 0.0017305 0.0043249 0.026135 0.97111 -0.23689
0.00044235 -0.00081365 0.00066312 0.0018519 -0.0025567 -0.0057965 0.0020968 0.0020693 0.039803 0.2357 0.97098
,,,,,
S,c,o,r,e,s
          
-8313.1 -4731.4 1727.7 1328.4 -107.61 -191.59 -773.78 -39.738 -7.2664 19.924 18.645
-10569 -2926.4 2377.4 1450.1 -295.65 -542.5 -559.52 94.678 -11.778 11.052 14.359
-15776 -3867.7 2413.7 1481.4 -803.71 -825.4 -502.86 111.44 -24.651 -11.019 -12.338
-16726 863.37 1067.8 489.6 104.93 -322.41 220.46 135.68 -17.609 -0.90935 -4.0911
-9651.9 -4983.7 1744.5 1179.4 -174.46 -731.89 -645.55 13.156 -16.504 -2.0346 7.8453
-14366 -1661.4 2284.1 604.18 -402.16 -1064 -60.063 224.74 -8.8113 198.37 -43.873
-16668 -517.9 998.44 526.79 83.248 -560.83 173.13 145.38 -17.232 -3.9231 -0.83176
-18534 230.69 -159.32 478.1 395.18 -61.986 139.24 -33.905 -19.43 3.5361 6.1232
-5262.5 -3387.1 1760.8 858.06 138.45 6.0253 -592.24 -21.662 -5.9091 17.365 4.7404
-8155.6 -1307.5 2087 1000.9 58.465 -251.5 -381.41 68.879 -10.013 7.208 2.394
1140.5 -8366.6 -496.64 -1168.7 667.33 491.78 -567.9 -259.4 34.852 49.849 13.697
-9903.4 65.472 1958.3 895.78 121.29 -250.18 -160.5 118.68 -12.609 10.222 4.624
-13694 2211 679.46 498.86 315.96 10.009 330.78 82.703 -28.678 -4.148 4.7089
772.23 -7128.3 1316.6 1365.5 179.02 240.87 -1009.4 -170.23 -6.3506 20.604 15.598
-7351.1 -1187.8 3331.1 1211.9 -531.22 -1003.3 -180.21 285.65 -13.353 -4.4534 3.0854
-10923 772.41 1857.3 725.71 183.64 -513.07 126.76 209.9 -12.071 4.9405 6.1443
-13546 2002.7 220.94 521.05 816.03 4.8731 115.25 -18.167 -11.48 16.664 13.306
2646.9 -2206.2 1905.6 1165.7 481.72 405.58 -429.81 8.6427 -23.49 4.623 6.0687
-641.84 294.69 2021.9 1617.7 532.94 -413.52 -73.629 164.46 -20.123 -7.385 -0.5376
11066 -9758.7 -967.52 -1799.9 1143.5 933.97 -643.96 -346.96 59.676 74.995 19.015
-3684.8 2276.8 1921.5 1585.3 410.58 -457.08 142.6 181.95 -25.145 -10.829 -4.6138
-8883.9 4616.3 650.29 1183.5 215.65 -183.05 633.07 141.02 -31.075 -11.076 0.77366
7733.1 -313.59 4212.9 1682 -447.05 -709.28 -290.44 350.76 8.7288 11.246 9.2855
3789.9 2297.3 4334.9 1521.2 -580.69 -5.3072 -43.51 380.32 -3.1125 8.1653 3.5623
-4242.3 6265 -308.4 356.1 1616.7 625.13 808.68 227.72 -1.4056 9.005 3.1026
4167.1 -758.43 3853.3 1564.8 -467.58 -710.56 -297.24 311.65 3.9131 8.4565 7.7976
11302 130.98 4572.5 1799.9 -426.76 -707.08 -282.7 388.98 12.701 15.043 10.565
638.6 1578 3962.4 1421.1 -586.94 -81.221 -76.157 338.61 -6.7089 5.4605 3.2744
6943 3017.6 4707.2 1621.5 -574.02 70.096 -10.311 422.12 -0.45724 11.134 4.851
-6548.4 5128.3 -191.99 378.64 1378.6 482.8 685.65 201.82 -5.2145 6.3415 2.725
-1935 7402.9 -424.69 333.95 1854.4 767.06 930.61 253.93 1.2706 11.702 3.5163
17941 1691.3 652.01 770.91 1672.9 904.07 -63.184 -79.513 20.123 43.647 17.792
12130 5530.2 1236.4 2179 1188.7 652.57 8.561 -11.499 1.5782 33.105 16.695
3325 9938.9 143.77 2099 380.09 748.01 601.29 -32.159 -11.988 20.84 6.4695
96137 -837.21 5814 -5234.9 -1801.3 591.17 738.29 -616.85 51.181 28.408 13.819
75473 13050 11206 -1635.2 -1820.5 -428.57 -798.54 -573.61 2.6383 11.506 -3.3931
57886 24992 13353 -668.65 -686.81 -2300.6 -1559.1 -615.19 -5.801 -11.98 0.60419
99548 2539.1 -11222 14948 237.89 -196 -1629 -189.67 48.502 -19.021 -15.868
1.1187e+05 -6360.2 -13217 8447.2 3134 -3295.9 1232.9 344.09 -60.817 4.8933 6.4972
19641 -7249.7 3427.6 1165 -3907.7 -1013.1 1153.8 337.68 1.3075 -10.118 2.373
29683 -15090 -1169 -2473.3 -2614.4 0.68227 1840.2 75.712 51.057 5.8772 1.8578
14822 -6963.9 3150.3 1102.5 -3563.9 -982.73 994.68 300.17 -1.9984 -11.367 1.9158
14822 -6963.9 3150.3 1102.5 -3563.9 -982.73 994.68 300.17 -1.9984 -11.367 1.9158
23807 -13980 -962.04 -2153.3 -2406.9 -75.539 1608.7 65.471 41.811 3.331 1.1742
23807 -13980 -962.04 -2153.3 -2406.9 -75.539 1608.7 65.471 41.811 3.331 1.1742
22007 -1191.4 1862.6 -2850.6 -23.493 -1238.2 -96.946 -539.5 -21.331 -26.573 -2.5709
30903 -6629.4 -1360.4 -6502 1021.5 -2455.7 848.97 -546.64 33.746 -33.596 -11.172
56361 3225.1 -1466.2 -3065.9 1701.6 3317.9 496.38 -419.07 30.357 -4.5439 -1.4581
72430 3992.1 11099 -1985.9 -688.19 2511.3 492.9 847.06 -37.577 -40.982 -20.946
60322 8995.5 -18254 -13189 -2208 54.667 -1604.2 1170.3 -195.04 25.885 5.5731
-16369 -2563.3 496.12 87.516 106.03 -243.5 -262.89 -63.645 -21.472 -11.884 -1.2028
-12209 -4057.8 74.383 -897.8 805.61 -424.77 -211.85 -30.381 -3.7426 -13.195 -2.0131
-17800 -1752.3 430.46 289.05 -11.32 -229.28 -184.85 -51.707 -24.551 -11.001 -0.71707
-14666 -2449.3 303.08 -185.5 449.6 -352.89 158.57 115.36 -7.5666 -15.987 -1.8446
-19033 -1146.9 226.3 425.59 -171.62 -236.83 -109.76 -47.837 -27.909 -10.58 -0.37114
-17021 -922.88 420.52 544.59 104.46 -120 492.57 232.32 -12.563 -14.911 -1.5106
-20041 -795.68 -67.158 477.14 -336.78 -257.04 -77.613 -62.015 -36.546 -8.1441 -0.34756
-18930 115.27 281.34 976.04 -154.88 90.49 717.25 276.79 -14.343 -12.079 -1.1194
-17068 -2772.6 552.32 59.158 -64.285 -252.35 -353.06 -72.649 -20.482 -13.156 -1.0631
-16192 -2400.3 1224.9 280.19 299.78 -224.84 -445.43 9.4297 -21.225 -12.716 -0.9602
-17997 -2196.4 406.51 183.61 -107.05 -255.79 -338.6 -74.953 -22.787 -12.301 -0.56734
-18117 -1191.2 1064.4 797.96 39.391 -159.66 20.253 145.75 -21.803 -13.496 -1.3274
-16160 -3427.1 628.98 -68.869 -56.881 -244.63 -361.98 -73.409 -18.351 -14.124 -1.5993
-13553 -4132.6 612.39 -676.77 904.72 -667.76 -627.18 -109.32 -26.006 2.1455 -5.1878
-18887 -1762.9 228.18 275.88 -184 -286.49 -337.1 -78.305 -26.174 -11.891 -0.19565
-19443 -428.85 434.5 864.35 25.006 -163.68 504.69 247.84 -14.903 -13.399 -1.413
-20987 -1168.1 -480.36 344.96 -647.68 -360.51 -401.59 -91.895 -36.678 -10.796 0.28174
-21599 -208.07 -1217.5 396.53 -635.92 -149.99 481.02 -127.75 -15.542 -10.139 0.20252
-14990 500.99 -827.3 200.23 152.51 -336.05 729.61 67.088 8.6548 -5.1185 -4.3036
-17140 1526.4 -1097.6 661.05 -705.56 -157.27 569.27 -183.63 0.44748 -1.7126 -3.9608
-18671 1833.9 -1362.7 805.31 -1175 -260.7 182.16 -422.98 -5.1336 0.38325 -3.8872
-19669 2057.3 -2106.9 788.75 -1490.3 -340.71 150.14 -491.94 -10.285 2.1095 -4.0055
-12201 -1826.9 420.91 -213.95 244.64 1.0003 -351.51 -101.51 -13.089 -9.9428 -0.5767
-10934 -1273.1 1450.7 127.91 797.18 39.398 -491.74 23.502 -15.158 -10.242 -0.16687
-13628 -943.4 196.41 -22.481 179.53 -5.0593 -328.97 -104.9 -17.773 -9.5719 0.45491
-13875 575.42 1204.1 918.81 399.44 138.66 219.18 231.97 -15.633 -10.476 -0.97578
-10807 -2832 538.44 -410.07 256.76 12.017 -365.92 -102.77 -10.245 -12.392 -1.1506
-6901.5 -3919.2 514.31 -1333.4 1720.4 -637.87 -770.2 -157.04 -22.536 13.45 -6.8695
-14993 -277.54 -77.528 118.99 61.773 -51.772 -325.43 -110.79 -21.921 -7.9981 0.75639
-15900 1739.9 242.82 1019.9 377.78 132.07 960.44 388.09 -4.6569 -11.322 -0.88831
-18218 636.28 -1165.3 225.43 -649.71 -165.34 -426.21 -130.85 -39.035 -6.8009 1.6508
-19194 2076.9 -2280.8 306.09 -632.59 153.4 923.5 -186.17 -5.5931 -5.3687 1.3433
-7669.2 -2486.5 -55.509 -674.79 666.91 114.46 -233.3 -108.09 6.3634 -0.44279 -3.5449
-11945 1874.7 -1270.7 99.125 369.21 -230.15 1026.2 89.836 19.998 -1.5062 -4.8722
-9617.3 -1277.5 -213.38 -458.09 535.45 94.978 -140.7 -96.176 0.40447 0.88915 -2.7166
-14682 3179.8 -1614.8 686.65 -722.64 -2.652 821.09 -228.43 10.15 3.2457 -4.5626
-11459 -246.66 -497.33 -287.27 319.93 53.677 -60.422 -98.72 -2.6665 1.5488 -2.162
-16629 3571.3 -1951.7 869.83 -1320.2 -134.52 329.55 -533.02 2.8317 5.385 -4.3361
-13439 914.27 -1267.1 -63.452 -421.99 -32.07 -308.13 -459.16 -16.169 3.4999 -1.2708
-17900 3856.3 -2899.3 848.44 -1721.1 -236.14 289.23 -621.29 -3.7283 8.0321 -4.5913
-1402.5 -2081.3 -190.26 -1266.1 202.78 445.07 -449.64 -65.966 -4.2321 -5.575 -2.0314
4599.8 -788.48 461.49 -1541.2 2598.1 -430.19 -124.81 122.7 34.561 -11.169 -3.8566
-2781.7 -998.13 -420.68 -1063.3 252.19 379.87 -533.53 -78.156 0.02741 -3.2938 -1.5052
-1054.3 3240.4 712.87 82.928 1925.3 610.21 607.84 354.34 20.415 -1.4003 -0.60185
-216.7 -3169.5 -71.081 -1393.8 163.36 412.84 -407.46 -82.293 -2.5986 -4.0053 -4.1217
10058 -4911.5 -522.45 -3499.2 3348.2 -796.47 -648.52 -169.29 39.725 -15.495 -3.0119
-4143.1 60.894 -687.77 -902.63 172.07 424.87 -608.61 -91.537 5.5117 3.5557 -1.7607
-5265.3 5514.6 -69.288 599.69 1479.1 836.87 1491.7 527.8 24.054 -1.2178 0.47716
-9010 2489.6 -1713.9 -428.27 -259.14 215.67 -806.98 -49.349 -4.4285 2.4324 0.92207
-12005 7006.2 -4501 189.15 -831.58 836.46 1863.6 -376.54 29.036 10.055 0.70388
-2705.8 -2210.1 -138.19 -1169.7 158.36 383.51 -444.42 -63.508 -6.0457 -5.8778 -2.1182
2981.1 -985.71 479.08 -1429.7 2427.6 -445.26 -136.96 114.94 31.245 -11.244 -3.8513
-100.61 -1951.3 -242.52 -1362.6 247.04 506.69 -454.13 -68.341 -3.3786 -4.266 -2.1495
7837.9 -393.62 426.28 -1763.1 2938.9 -398.54 -100.01 137.44 42.323 -10.073 -4.1366
-4012.1 -1184.2 -356.19 -977.6 204.92 322.11 -523.74 -75.089 -2.0511 -3.662 -1.6304
-2375.7 2830.5 717.94 108.82 1790.2 539.83 557.39 334.59 17.173 -1.9738 -0.74909
-1551.9 -811.12 -484.18 -1149.4 299.4 438.42 -541.57 -81.534 1.2764 -1.9165 -1.5882
1588.9 4059 704.42 32.003 2195.3 750.63 709.58 393.38 26.066 0.73782 -0.52154
-1582.6 -3241.5 -25.584 -1290.2 120.7 353.07 -404.9 -78.841 -4.2007 -5.1701 -3.9221
8152.1 -4891.5 -453.12 -3285.6 3138 -792.77 -633.07 -160.93 36.253 -15.558 -3.0068
1147.6 -3097.7 -116.9 -1496.3 205.79 472.58 -409.95 -85.718 -1.0243 -3.8152 -4.086
13871 -4950.9 -661.66 -3928 3768.1 -803.56 -678.89 -184.87 47.537 -15.401 -3.0503
-5302 -181.43 -609.04 -825.46 129.43 364.86 -595.5 -87.646 3.3569 2.1069 -1.7039
-6365.2 4985.9 -22.949 597.77 1367.5 754.58 1394.4 499.17 20.993 -1.9132 0.28754
-5302 -181.43 -609.04 -825.46 129.43 364.86 -595.5 -87.646 3.3569 2.1069 -1.7039
-6365.2 4985.9 -22.949 597.77 1367.5 754.58 1394.4 499.17 20.993 -1.9132 0.28754
-9912.7 2119.5 -1581.8 -375.32 -278.96 165.91 -783.1 -47.871 -6.2901 0.88796 0.87924
-12749 6398.5 -4221.8 209.2 -821.91 753.99 1746.5 -357.79 25.53 8.2057 0.64352
-8108.4 2859 -1846.4 -480.5 -239.15 264.84 -830.11 -51.717 -3.4465 3.0306 1.2268
-10514 8221.8 -5058.3 149.04 -852.03 999.96 2097.3 -414.46 35.024 12.798 1.0877
15135 -9795.5 441.88 438.51 -300.43 1949.9 -508.44 -263.93 -31.097 -18.844 -7.183
24916 -13773 138.69 6819.6 -917.74 4847.9 -1548.8 -532.87 -84.929 -13.041 -7.6431
-11181 5386.1 -4232.9 -218.97 -1735.2 243.75 -1446.3 252.06 65.196 -8.462 2.4691
1587.6 4322.3 -4643.3 -1867.6 761.99 -686.43 1046 -659.1 46.074 -9.759 -2.1338
-11979 4968.8 -4805.7 -420.49 -2103.3 185.23 -1621.9 388.81 100.59 -6.2729 0.045239
-2765 6183 -4619.4 -967.37 -442.65 -628.95 892.62 -730.63 18.149 -13.194 -0.69152
-12703 4508.3 -5185 -462.97 -2487.6 140.02 -1851.4 543.47 140.03 -12.572 -0.8737
-7189.2 7731.2 -4365.4 103.5 -1587.8 -93.756 487.26 -651.87 -30.139 -7.5963 1.9133
-13442 4136.2 -5393.4 -282.67 -2938.9 74.367 -2133.4 713.49 207.76 -18.066 -3.8273
-10629 8620.9 -4597.4 725.7 -2463.8 240.45 6.021 -380.09 -90.692 -3.1373 4.7461
797.1 6454.6 1641.2 167.28 376.85 73.26 209.14 122.22 -2.0954 -0.58054 -4.7501
28840 -4243.4 3345 -2314.1 -59.098 1170.8 663.35 312.16 -6.4172 -28.85 -11.864
,,,,,,,
V,a,r,i,a,n,c,e

5.6935e+08
2.7518e+07
1.2452e+07
5.8838e+06
1.7697e+06
7.4456e+05
6.2829e+05
98081
1483
517.78
51.55
