,,,,,,,,,,,,,,,,,,,
P,r,i,n,c,i,p,a,l, ,C,o,m,p,o,n,e,n,t,s
          
0.14392 0.023949 0.0098182 0.1454 0.0189 -0.017797 0.49066 0.83164 0.013929 0.0090004 0.038318
0.14294 0.015901 0.010122 0.14245 0.0078525 -0.031574 -0.42938 0.20098 0.060508 0.034918 -0.44806
0.14343 0.021459 0.01608 0.12426 0.018611 -0.0094125 -0.40936 0.16388 0.019577 0.060275 0.67503
0.13967 0.015842 0.029668 0.10756 0.017231 -0.02145 0.17743 -0.17576 0.87247 0.36435 0.013873
0.13908 0.04084 0.019398 0.12647 0.012081 -0.0062216 0.14133 -0.13547 -0.45037 0.83883 -0.027033
0.12849 0.018875 0.022049 0.13423 -0.015165 -0.042054 0.094018 -0.084752 -0.051985 -0.097014 0.058454
0.11976 0.014465 0.013673 0.1492 -0.039853 -0.075978 -0.13065 0.01975 -0.0002614 -0.0047298 -0.096655
0.11041 0.0061726 0.01301 0.14531 -0.064811 -0.077419 -0.012147 -0.055178 -0.014315 -0.056112 0.080585
0.10044 0.0091323 0.0068646 0.15787 -0.088021 -0.086533 -0.086531 -0.010612 -0.017676 -0.039116 0.0001711
0.092967 0.032036 0.010999 0.17194 -0.10339 -0.073595 -0.018858 -0.036446 -0.017691 -0.043243 -0.013891
0.078962 0.014721 0.00084033 0.15786 -0.15809 -0.074976 0.043338 -0.069418 -0.010655 -0.069167 -0.0014637
0.068629 0.017555 0.0038972 0.12231 -0.19824 -0.088399 0.04918 -0.060537 -0.012344 -0.061732 0.0091933
0.053165 0.0040043 -0.0022451 0.098161 -0.28857 0.039682 -0.013513 -0.0098179 0.023217 -0.079649 -0.055623
0.032951 -0.00064597 -0.0013944 0.067716 -0.26605 0.37112 -0.049616 0.031499 0.0049641 0.069717 -0.043893
0.0042181 0.0078166 0.021223 0.04792 -0.047209 0.082426 -0.01308 0.0047391 0.0042557 -0.0083786 0.021949
0.0010465 0.0037629 0.0069495 0.015371 -0.013357 0.036811 -0.0035095 6.2654e-05 7.8523e-05 -0.00060001 -0.0043479
0.00031911 0.0029582 0.0029913 0.0034827 -0.0011508 0.025003 -0.0017441 0.0010685 0.0010999 -0.00047245 0.00081372
0.00029194 0.0014569 0.0018616 0.0010987 3.5908e-05 0.0131 -0.00080795 0.000625 0.00040433 -0.00046511 -0.00063885
0.0001247 0.00042027 0.00087735 -0.00065682 0.0012793 0.0012627 2.3527e-05 0.00015137 1.5652e-05 -8.9739e-05 -0.00037988
0.14392 0.023949 0.0098182 0.1454 0.0189 -0.017797 -0.019875 -0.03119 -0.024205 -0.055782 0.0035592
0.14335 0.014871 0.0081555 0.11922 0.01929 -0.0088033 -0.018349 -0.031984 -0.018341 -0.052024 -0.034596
0.14584 0.011069 0.0047289 0.0817 0.030347 0.0039692 0.094068 -0.097189 -0.025272 -0.083129 0.018068
0.14521 -0.015819 -0.00020309 0.019354 0.025398 0.008768 -0.0050624 -0.055468 -0.017188 -0.043992 -0.026472
0.14869 -0.013974 -0.033977 -0.012643 0.0090776 0.017088 0.10858 -0.059783 -0.024796 -0.065861 -0.050011
0.14199 -0.060139 -0.055697 -0.050858 -0.031292 -0.035582 -0.0027704 -0.0097085 -0.010573 -0.016236 -0.061901
0.13572 -0.071866 -0.07131 -0.024991 -0.074948 -0.07035 0.11632 -0.10086 -0.025839 -0.049264 0.041121
0.12684 -0.078675 -0.068743 -0.010072 -0.09526 -0.099158 0.10179 -0.076267 -0.027776 -0.056482 -0.020461
0.11661 -0.071572 -0.072884 -0.030418 -0.097156 -0.098909 -0.0031681 0.006153 -0.019219 0.0090975 -0.017396
0.10554 -0.01394 -0.037833 -0.023734 -0.055772 -0.071811 0.0028895 0.0099755 -0.0013849 -0.010435 -0.034365
0.084461 0.024143 -0.0059683 -0.00067979 -0.069965 -0.083833 0.06034 -0.059285 -0.018264 -0.033112 0.0053886
0.068129 0.066636 0.042717 0.0072784 -0.078537 -0.0038117 -0.008866 0.016639 -0.0060351 -0.015789 -0.0034911
0.048763 0.023309 0.062418 0.024337 -0.29114 0.21618 0.0076882 -0.0037509 0.0019231 -0.0058653 0.028676
0.027572 -0.027788 0.057392 0.050187 -0.31082 0.47652 -0.054883 0.043641 0.022499 0.05407 -0.0062622
0.0045337 -0.003653 0.025271 0.052634 -0.076152 0.12661 -0.0091581 0.0037452 0.00012698 0.0027573 0.069156
0.00095772 0.0032324 0.0098616 0.016596 -0.0026541 0.037718 -0.004182 -0.00053473 0.00022144 -0.0030205 0.0063896
0.00044613 0.0023569 0.0040177 0.00044788 0.00063869 0.026691 -0.0024411 0.0021472 0.00088257 -0.00021867 -0.0021276
0.00027094 0.0015211 0.0018404 0.00086282 -0.00023439 0.0064599 -0.00010388 5.5337e-05 3.4777e-05 -0.00036567 -0.0010172
0.0001247 0.00042027 0.00087735 -0.00065682 0.0012793 0.0012627 2.3527e-05 0.00015137 1.5652e-05 -8.9739e-05 -0.00037988
0.14392 0.023949 0.0098182 0.1454 0.0189 -0.017797 -0.019875 -0.03119 -0.024205 -0.055782 0.0035592
0.14537 0.00687 0.00088501 0.10306 0.019247 0.0068237 0.089782 -0.062619 -0.039 -0.0876 0.021466
0.15337 -0.028476 -0.038652 -0.015379 0.02488 0.025384 -0.0042211 -0.0093302 -0.0077897 -0.028023 -0.10471
0.15741 -0.086736 -0.071662 -0.12386 -0.0062466 -0.00054055 -0.013714 0.021556 -0.0003998 0.0078551 0.07835
0.16308 -0.079217 -0.10041 -0.10234 -0.02433 -0.0061256 -0.10905 0.034976 0.013946 0.023457 -0.14325
0.15462 -0.12328 -0.12078 -0.17239 -0.032273 -0.022198 0.11294 -0.048988 -0.011221 -0.021738 0.028065
0.14259 -0.092355 -0.092384 -0.18581 -0.0093202 -0.012801 0.11507 -0.055067 -0.038751 -0.048044 -0.036852
0.12478 0.0068353 -0.0079513 -0.11716 -0.0054171 -0.047426 0.10969 -0.058966 -0.02205 -0.037636 0.20688
0.11503 0.14748 0.017584 -0.10108 0.07293 0.0098203 -0.10457 0.060372 0.028569 0.035608 0.032205
0.10762 0.24307 0.047446 -0.019453 0.10141 0.05697 -0.019429 -0.029235 0.004328 -0.023259 -0.030717
0.069134 0.11506 0.15825 0.02023 -0.050867 -0.10364 -0.04419 -0.028874 -0.020149 -0.018033 -0.099898
0.048967 -0.10403 0.26615 -0.02383 -0.098396 0.16384 0.0055215 -0.016281 -0.032981 -0.049777 -0.012905
0.040528 -0.16324 0.086296 0.070764 -0.18629 0.071906 0.014327 -0.010596 -0.018967 -0.033024 0.010298
0.017779 -0.066102 0.018682 0.081485 -0.157 -0.04671 0.015005 -0.021417 -0.016123 -0.0054107 0.012649
0.0025833 -0.0044638 0.034864 0.051214 -0.065552 0.1057 -0.0068971 0.001647 0.0058781 -0.020074 -0.0079907
0.00063579 0.0025788 0.012561 0.013851 0.002281 0.041278 -0.0019673 -0.0022497 -0.0003018 -0.0046851 -0.0025932
0.00040171 0.0021293 0.0056121 -0.00087026 0.0042689 0.022937 -0.0010828 0.00063633 0.00054398 -0.00079386 0.00076484
0.00031062 0.0013915 0.0028331 0.00065332 0.0052601 0.0042634 -0.00050903 -0.0001815 -0.00040173 0.00024176 -0.00029576
0.00020774 0.00089985 0.00067208 -0.00044303 0.0015079 0.001778 -0.00024887 0.00023513 -0.00015706 -7.2861e-05 -0.00019295
0.14392 0.023949 0.0098182 0.1454 0.0189 -0.017797 -0.019875 -0.03119 -0.024205 -0.055782 0.0035592
0.14743 -0.0061381 -0.01098 0.071049 0.02737 0.0062104 0.10102 -0.12268 -0.030638 -0.095771 0.014619
0.15949 -0.064924 -0.07369 -0.092049 0.016083 0.017489 -0.10731 0.052317 0.02379 0.040574 0.084434
0.16425 -0.10933 -0.094288 -0.11983 -0.021431 -0.03171 0.093677 -0.035199 -0.003366 -0.02495 -0.0055276
0.16917 -0.10381 -0.12803 -0.18265 0.013457 0.044173 -0.09567 0.059498 0.029382 0.05271 0.19298
0.15134 -0.073018 -0.062068 -0.16388 0.023665 0.032702 -0.1137 0.049712 0.0053652 0.031945 -0.028356
0.13513 0.06244 0.020064 -0.14619 0.03249 0.032862 -0.10228 0.021503 0.0072651 0.023942 0.093593
0.13331 0.24092 0.010961 -0.13858 0.1556 0.17996 0.074989 -0.054791 -0.017435 -0.058611 -0.14454
0.11305 0.31543 0.056779 -0.0074972 0.11224 0.15047 0.093985 -0.091492 -0.018585 -0.084012 0.058865
0.077759 0.12345 0.33244 -0.089244 -0.070476 -0.23817 -0.054907 0.010424 -0.012425 0.011886 -0.056978
0.059167 -0.21582 0.42342 -0.14423 -0.0050996 0.05522 0.14101 -0.1608 -0.061121 -0.082853 0.16373
0.051088 -0.24123 0.10659 0.1474 0.29168 0.085965 -0.064863 -0.013992 0.0032812 -0.034102 -0.048655
0.027894 -0.1529 -0.050562 0.19089 0.060579 -0.081747 -0.017095 -0.026266 -0.0042109 -0.043178 0.019947
0.0064405 -0.043539 0.038472 0.087999 0.02196 -0.0037632 -0.015275 -0.0088362 -0.0037704 -0.014837 0.074597
-0.00047589 0.0064121 0.036876 0.010254 0.012299 0.08377 -0.0048766 -0.00089831 0.00083576 -0.0055922 -0.012401
0.00027727 0.0029789 0.011581 0.013034 0.0094904 0.035049 -0.0039503 0.00061862 -0.00022788 -0.0039549 -0.0037762
0.00029456 0.0019845 0.0063461 0.0016366 0.010276 0.013945 -0.0011013 -0.00089722 -0.00095384 -4.5824e-05 -0.0020305
0.0003238 0.0012291 0.0028465 0.0020821 0.0043503 0.0029991 -0.00028733 -0.00011138 -0.0003103 -0.0008926 0.0011678
0.0001247 0.00042027 0.00087735 -0.00065682 0.0012793 0.0012627 2.3527e-05 0.00015137 1.5652e-05 -8.9739e-05 -0.00037988
0.14392 0.023949 0.0098182 0.1454 0.0189 -0.017797 -0.019875 -0.03119 -0.024205 -0.055782 0.0035592
0.14765 -0.007925 -0.013835 0.062478 0.024165 0.012311 0.095508 -0.070093 -0.036633 -0.083049 0.04191
0.15947 -0.064195 -0.06934 -0.076958 0.0040938 0.021695 -0.12604 0.087888 0.017156 0.039513 -0.11699
0.1661 -0.11923 -0.10429 -0.13408 -0.023093 -0.018264 -0.10725 0.056451 -0.0037737 0.025614 -0.16198
0.16871 -0.096105 -0.11561 -0.19013 0.033941 0.0705 0.087266 -0.0374 -0.0078446 -0.028383 -0.071553
0.14611 -0.013991 0.0012158 -0.064023 0.028586 0.035374 -0.12246 0.066832 0.012713 0.032163 -0.026586
0.13656 0.14337 0.041899 -0.14934 0.087066 0.076275 -0.12767 0.055225 0.020415 0.039576 0.11511
0.13372 0.33967 0.036817 -0.017902 0.21302 0.24632 0.061938 -0.040067 -0.035209 -0.085575 -0.041381
0.10032 0.3489 0.131 0.082564 -0.018962 -0.15663 -0.0089991 -0.013575 -0.0026685 -0.039722 -0.02032
0.071962 -0.031462 0.46974 -0.21412 -0.094669 -0.32568 -0.058773 0.10475 0.016447 0.07418 -0.02929
0.064402 -0.28852 0.43596 -0.029322 0.17989 0.1925 0.022132 0.055216 0.032273 -0.00072395 -0.11474
0.044671 -0.22418 0.02181 0.26863 0.4181 0.098569 -0.023196 -0.037702 -0.037857 -0.0013431 0.040854
0.027785 -0.17638 -0.076597 0.1956 0.084811 -0.068017 -0.015661 -0.02587 -0.0097862 -0.028044 -0.051863
6.8173e-05 -0.0095781 0.072189 0.080629 0.10168 0.021174 -0.012297 -0.0051343 -0.00045557 -0.017764 -0.065343
-0.0015238 0.0068048 0.032073 0.01839 0.065579 0.1152 -0.007679 0.00093832 0.0032961 -0.0061796 -0.0044805
0.00015779 0.0032539 0.009291 0.013772 0.012472 0.025235 -0.0032113 -0.0013386 -0.00062846 -0.0011847 -0.0048693
0.0002007 0.0019825 0.0051446 0.0040307 0.010484 0.0073159 9.2579e-05 -0.00070865 -0.001078 -2.7994e-05 -0.0048739
0.0001357 0.00098031 0.0019268 0.0021725 0.00079566 6.3231e-05 9.6631e-05 -0.00079821 4.2148e-05 -0.00062365 -0.0018821
0.0001247 0.00042027 0.00087735 -0.00065682 0.0012793 0.0012627 2.3527e-05 0.00015137 1.5652e-05 -8.9739e-05 -0.00037988
,,,,,
S,c,o,r,e,s
          
2136.8 -129.49 1297.6 -130.69 46.673 3.1431 -3.5413e-13 5.7244e-13 1.0414e-14 1.3475e-14 -1.9967e-15
1352.4 -709.28 31.949 428.95 -80.834 -10.634 -6.7521e-13 4.6093e-14 2.1806e-15 3.7493e-15 -1.6561e-14
3310.2 -1118.6 -716.11 -259.53 9.4826 2.3828 -7.0233e-13 5.0077e-14 4.2964e-15 9.146e-15 7.3617e-14
-4350.8 468.46 -50.581 -99.248 -178.14 41.777 -6.8684e-13 9.0314e-14 -1.526e-13 -6.0929e-14 1.8727e-15
-4554.3 161.38 -266.03 99.233 216.68 17.015 -6.8074e-13 7.0643e-14 8.2085e-14 -1.1934e-13 1.8848e-15
2136.8 -129.49 1297.6 -130.69 46.673 3.1431 -9.7092e-13 -4.9104e-13 -7.9179e-15 -9.9416e-15 3.6564e-16
1352.4 -709.28 31.949 428.95 -80.834 -10.634 -6.4985e-13 3.5308e-14 3.1546e-16 -2.1629e-16 1.493e-14
3310.2 -1118.6 -716.11 -259.53 9.4826 2.3828 -6.2272e-13 3.1324e-14 -1.8003e-15 -5.613e-15 -7.5248e-14
8518.7 2094.2 -492.06 64.185 20.313 4.3349 -6.6253e-13 4.0701e-14 1.2481e-15 1.7665e-15 -8.1554e-16
-4350.8 468.46 -50.581 -99.248 -178.14 41.777 -6.3822e-13 -8.9128e-15 1.5509e-13 6.4462e-14 -3.5037e-15
-4307.3 560.88 -101.59 -141.62 -48.03 -111.7 -6.6253e-13 4.0701e-14 1.2481e-15 1.7665e-15 -8.1554e-16
-4554.3 161.38 -266.03 99.233 216.68 17.015 -6.4431e-13 1.0758e-14 -7.9589e-14 1.2288e-13 -3.5159e-15
,,,,,,,
V,a,r,i,a,n,c,e

1.8652e+07
7.9394e+05
4.3584e+05
54586
16154
1529.4
4.9662e-25
5.3847e-26
5.5102e-27
3.4205e-27
1.056e-27
