,,,,,,,,,,,,,,,,,,,
P,r,i,n,c,i,p,a,l, ,C,o,m,p,o,n,e,n,t,s

0.14137
0.14083
0.13863
0.13315
0.12384
0.1063
0.081098
0.073975
0.0098633
-0
-0
0.14137
0.14357
0.055892
-0.018631
-0.013699
-0.0043837
-0
-0
-0
-0
-0
0.14137
0.11124
-0.028494
-0.0065755
-0.0016439
-0
-0
-0
-0
-0
-0
0.14137
0.065207
-0.015891
-0.0043837
-0
-0
-0
-0
-0
-0
-0
0.14137
0.049864
-0.013699
-0.0043837
-0
-0
-0
-0
-0
-0
-0
0.14137
0.065207
-0.015891
-0.0043837
-0
-0
-0
-0
-0
-0
-0
0.14137
0.11124
-0.028494
-0.0065755
-0.0016439
-0
-0
-0
-0
-0
-0
0.14137
0.14357
0.055892
-0.018631
-0.013699
-0.0043837
-0
-0
-0
-0
-0
0.14137
0.14083
0.13863
0.13315
0.12384
0.1063
0.044385
0.044385
0.0054796
-0
-0
0.14137
0.14028
0.11617
0.045481
0.042741
0.10521
0.11452
0.058084
0.033426
0.040549
-0
0.14137
0.13644
0.05096
0.070687
0.051508
0.035069
-0.038357
-0.019727
0.020822
0.042193
0.0071235
0.14137
0.13425
0.010959
0.05644
0.037261
-0.04822
-0.049316
-0.010411
0.036713
0.043837
0.012603
0.14137
0.13315
0.027398
0.045481
0.032878
-0.055344
-0.046029
0.0038357
0.029042
0.044385
0.0076714
0.14137
0.13425
0.010959
0.05644
0.037261
-0.04822
-0.049316
-0.010411
0.036713
0.043837
0.012603
0.14137
0.13644
0.05096
0.070687
0.051508
0.035069
-0.038357
-0.019727
0.020822
0.042193
0.0071235
0.14137
0.14028
0.11617
0.045481
0.042741
0.10521
0.11452
0.058084
0.033426
0.040549
-0
0.14137
0.14083
0.13863
0.13315
0.12384
0.1063
0.081098
0.073975
0.0098633
-0
-0
,,,,,
S,c,o,r,e,s

912.48
-912.48
,,,,,,,
V,a,r,i,a,n,c,e

1.6652e+06
