,,,,,,,,,,,,,,,,,,,
P,r,i,n,c,i,p,a,l, ,C,o,m,p,o,n,e,n,t,s
     
-0.0022856 0.08069 -0.0067167 0.012944 -0.018031 0.013532
-0.0014639 0.080429 -0.0067085 0.013314 -0.0047915 0.017458
-0.0016125 0.080391 -0.0070499 0.013242 -0.0049047 0.015083
-0.0017694 0.080065 -0.0076439 0.012365 -0.0061079 0.011437
-0.0016593 0.07961 -0.008086 0.0108 -0.0056111 0.0098432
-0.0014349 0.078809 -0.0085959 0.0082302 -0.006982 0.015264
-0.0011746 0.077736 -0.0088676 0.0055441 -0.0070702 0.012417
-0.00073567 0.076722 -0.0094039 0.0027479 -0.0088573 0.01492
-0.00030625 0.075385 -0.010282 0.00072121 -0.0085873 0.01614
0.00031642 0.073892 -0.010836 -0.0024009 -0.009051 0.02285
0.0010026 0.072373 -0.011247 -0.0049972 -0.0094388 0.025597
0.0018334 0.070637 -0.011467 -0.0078302 -0.010821 0.029881
0.0027092 0.06862 -0.011168 -0.010345 -0.011846 0.030459
0.0036075 0.066533 -0.01139 -0.013605 -0.013378 0.034179
0.0046506 0.064249 -0.011258 -0.015985 -0.014332 0.030009
0.0057509 0.061966 -0.011709 -0.019052 -0.01834 0.032348
0.0070163 0.059471 -0.011663 -0.021255 -0.020797 0.027246
0.0084662 0.057171 -0.011814 -0.023406 -0.024449 0.02789
0.0098262 0.054898 -0.012187 -0.025452 -0.027534 0.022201
0.011213 0.052373 -0.012236 -0.02751 -0.031106 0.027434
0.012542 0.049777 -0.012348 -0.028615 -0.034604 0.024603
0.013831 0.047211 -0.012356 -0.029253 -0.035887 0.020907
0.015036 0.044425 -0.012072 -0.030528 -0.038815 0.020855
0.016103 0.041739 -0.012075 -0.031688 -0.039327 0.015211
0.017084 0.038727 -0.011357 -0.032722 -0.037807 0.0133
0.017949 0.035869 -0.010915 -0.033495 -0.036044 0.0050684
0.018922 0.033124 -0.010712 -0.034816 -0.034947 0.0046125
0.019892 0.030425 -0.010624 -0.035471 -0.035591 -0.0026959
0.020925 0.027767 -0.010189 -0.036414 -0.037565 -0.0082822
0.021906 0.025528 -0.010412 -0.036565 -0.038047 -0.017531
0.023007 0.02328 -0.011024 -0.036989 -0.03882 -0.021055
0.023971 0.021134 -0.011527 -0.03717 -0.038875 -0.028174
0.024972 0.019227 -0.012319 -0.037776 -0.037678 -0.028795
0.026061 0.017595 -0.013595 -0.037953 -0.037825 -0.038872
0.027113 0.015992 -0.014833 -0.038545 -0.036944 -0.048744
0.028137 0.014515 -0.016179 -0.0396 -0.03581 -0.05229
0.029109 0.013135 -0.017818 -0.040471 -0.034607 -0.062406
0.030141 0.011973 -0.018813 -0.041511 -0.032483 -0.06516
0.03115 0.010896 -0.020467 -0.042231 -0.03104 -0.066307
0.03215 0.0096 -0.021773 -0.044152 -0.030004 -0.059414
0.033107 0.0080232 -0.022987 -0.046101 -0.028922 -0.045895
0.033975 0.0066543 -0.024142 -0.048091 -0.026789 -0.038316
0.034723 0.0054611 -0.025446 -0.049354 -0.026401 -0.032986
0.035524 0.0039637 -0.026518 -0.051611 -0.025689 -0.017237
0.036343 0.0021757 -0.028141 -0.054171 -0.026938 0.010069
0.036961 0.00065902 -0.029554 -0.056035 -0.029181 0.027117
0.03743 -0.00065059 -0.031091 -0.057061 -0.030904 0.036366
0.037672 -0.0016813 -0.032562 -0.057871 -0.031669 0.033488
0.037838 -0.0027003 -0.034026 -0.057747 -0.033821 0.030853
0.037957 -0.0037394 -0.035198 -0.058531 -0.036769 0.034191
0.03803 -0.0049154 -0.036872 -0.059272 -0.041486 0.043024
0.038098 -0.0057924 -0.037732 -0.059764 -0.044467 0.046963
0.038085 -0.0064779 -0.038193 -0.05924 -0.045749 0.039658
0.038033 -0.0069599 -0.038716 -0.058926 -0.046642 0.032425
0.038076 -0.0073849 -0.038323 -0.05836 -0.045741 0.026748
0.037939 -0.0077203 -0.038256 -0.057624 -0.04706 0.018168
0.037887 -0.0081263 -0.038068 -0.056978 -0.047601 0.0097787
0.037862 -0.008486 -0.037539 -0.056133 -0.048105 -0.00036397
0.037781 -0.008612 -0.037216 -0.055199 -0.047552 -0.0057024
0.037691 -0.0088072 -0.03663 -0.053745 -0.048254 -0.013113
0.037598 -0.0089323 -0.036173 -0.052348 -0.047494 -0.017914
0.037415 -0.0090564 -0.035649 -0.051205 -0.047899 -0.027508
0.037267 -0.00909 -0.03475 -0.050475 -0.047005 -0.030008
0.037058 -0.0092262 -0.033622 -0.049157 -0.047731 -0.039014
0.036852 -0.0092881 -0.032684 -0.047997 -0.047289 -0.04128
0.036581 -0.0092267 -0.031474 -0.04745 -0.045744 -0.045348
0.036316 -0.0091611 -0.030327 -0.047005 -0.044494 -0.045285
0.03608 -0.0090925 -0.028608 -0.046302 -0.041771 -0.050576
0.035723 -0.0088869 -0.026864 -0.045949 -0.040089 -0.049684
0.035448 -0.0086633 -0.024633 -0.04589 -0.036652 -0.050192
0.035117 -0.008511 -0.022135 -0.046136 -0.035226 -0.05355
0.034758 -0.0081958 -0.019589 -0.046743 -0.032522 -0.052158
0.034364 -0.0079091 -0.01681 -0.046833 -0.031198 -0.050678
0.033993 -0.0076352 -0.013902 -0.047712 -0.029849 -0.051836
0.033558 -0.0074282 -0.011829 -0.047659 -0.027444 -0.052644
0.033159 -0.0072136 -0.010094 -0.047832 -0.022793 -0.05093
0.032652 -0.0068175 -0.0082615 -0.048601 -0.018154 -0.049318
0.032073 -0.0065494 -0.0070096 -0.048704 -0.01676 -0.048937
0.03157 -0.0063182 -0.0050202 -0.049073 -0.014153 -0.049922
0.031187 -0.0060112 -0.0026496 -0.048494 -0.010344 -0.047428
0.030878 -0.0056373 -0.00028876 -0.047706 -0.0089598 -0.047999
0.030516 -0.0053221 0.0019372 -0.047072 -0.0062341 -0.048227
0.030075 -0.0050973 0.0041379 -0.046556 -0.0057977 -0.044956
0.029676 -0.0048839 0.0075744 -0.045477 -0.0061479 -0.049287
0.029367 -0.0048739 0.011402 -0.043609 -0.0098234 -0.051995
0.029064 -0.0049565 0.015664 -0.040776 -0.018652 -0.051256
0.028904 -0.0051083 0.01992 -0.036896 -0.025223 -0.047007
0.028758 -0.0052191 0.023017 -0.032496 -0.027856 -0.046357
0.028488 -0.0052115 0.025305 -0.028321 -0.029083 -0.041467
0.028271 -0.0051846 0.026787 -0.022787 -0.025348 -0.036772
0.027914 -0.005122 0.026473 -0.018243 -0.017475 -0.034792
0.027564 -0.0051894 0.027283 -0.01166 -0.01386 -0.032054
0.027263 -0.0053782 0.02841 -0.0045586 -0.015571 -0.028609
0.026786 -0.0056279 0.028577 0.00312 -0.018556 -0.025879
0.026222 -0.0057457 0.028436 0.010735 -0.019001 -0.020152
0.025707 -0.0058636 0.027829 0.018161 -0.018173 -0.014573
0.025115 -0.0060372 0.026958 0.025945 -0.017705 -0.011213
0.024536 -0.0062156 0.027141 0.033668 -0.020446 -0.0059813
0.024021 -0.0064137 0.027858 0.041546 -0.024039 -0.00058069
0.023429 -0.0065677 0.027822 0.048701 -0.025211 0.0068719
0.022875 -0.0067117 0.026716 0.056476 -0.024182 0.0079869
0.022375 -0.0069136 0.026058 0.063885 -0.02601 0.012454
0.021882 -0.0069329 0.024748 0.069413 -0.022559 0.017083
0.021281 -0.0069912 0.02231 0.07462 -0.020098 0.020244
0.02064 -0.0070386 0.019861 0.079018 -0.018486 0.022583
0.019869 -0.0071918 0.016614 0.082689 -0.019306 0.025134
0.018859 -0.0073197 0.012513 0.085448 -0.022259 0.023662
0.01776 -0.0074638 0.0079806 0.088101 -0.025901 0.021594
0.016622 -0.0075903 0.0026426 0.089675 -0.029106 0.018282
0.015396 -0.0077228 -0.0026803 0.090881 -0.033692 0.014347
0.014142 -0.0079529 -0.0077109 0.091781 -0.042323 0.0089512
0.012899 -0.0082202 -0.012578 0.092355 -0.05363 0.0024422
0.011659 -0.0082816 -0.019159 0.091904 -0.055645 -0.0027583
0.010476 -0.0081164 -0.026698 0.090269 -0.049198 -0.0064618
0.009352 -0.0078982 -0.034232 0.088097 -0.03965 -0.0072402
0.0083328 -0.0075884 -0.04076 0.086409 -0.030082 -0.011269
0.0075672 -0.007423 -0.045412 0.084746 -0.024966 -0.013496
0.0069644 -0.0072766 -0.047643 0.083418 -0.022784 -0.014648
0.0064511 -0.0071693 -0.049261 0.08185 -0.022459 -0.016255
0.0059836 -0.0070533 -0.05011 0.079599 -0.022066 -0.015479
0.0055832 -0.0068631 -0.050063 0.077813 -0.022396 -0.018296
0.0052155 -0.0066457 -0.04946 0.075277 -0.02186 -0.018644
0.0048841 -0.0064007 -0.048301 0.0725 -0.021271 -0.018677
0.0045515 -0.0061456 -0.046697 0.069461 -0.021373 -0.018736
0.004316 -0.0057819 -0.044435 0.065361 -0.019236 -0.018189
0.0039924 -0.005452 -0.042255 0.061684 -0.018379 -0.017787
0.0037002 -0.0050848 -0.039073 0.056995 -0.017347 -0.014944
0.0033972 -0.004671 -0.036007 0.051957 -0.016431 -0.014645
0.0031567 -0.0042215 -0.032588 0.047419 -0.01382 -0.013126
0.0028679 -0.0038364 -0.029755 0.042709 -0.013011 -0.012887
0.0026184 -0.0034616 -0.026911 0.03881 -0.011358 -0.011829
0.0024193 -0.0030705 -0.024094 0.034468 -0.0091677 -0.010967
0.0021881 -0.0028176 -0.021845 0.031603 -0.0093778 -0.010516
0.0020319 -0.0025124 -0.019727 0.028247 -0.0075091 -0.0098327
0.0018654 -0.0022717 -0.017738 0.025268 -0.0072896 -0.0096374
0.0017251 -0.0020229 -0.01595 0.023033 -0.0054277 -0.0085359
0.0015729 -0.0018109 -0.014194 0.020383 -0.0053153 -0.0084003
0.0013859 -0.0016542 -0.013091 0.018765 -0.0051555 -0.0081019
0.0013377 -0.0014648 -0.011584 0.016812 -0.0037692 -0.007402
0.0012285 -0.0013389 -0.010527 0.015148 -0.0039779 -0.0074454
0.0010791 -0.0011648 -0.0093148 0.013551 -0.0030741 -0.0068051
0.0010219 -0.0010501 -0.0083823 0.012236 -0.0026458 -0.0065664
0.00096462 -0.00093541 -0.0074498 0.01092 -0.0022176 -0.0063277
0.00085667 -0.00081962 -0.0068393 0.0095181 -0.0017352 -0.0063441
0.00082461 -0.00078012 -0.0060243 0.0088821 -0.0012977 -0.0036195
0.00072035 -0.00066401 -0.0054142 0.0079879 -0.0016296 -0.0057905
0.00067741 -0.00057801 -0.0047148 0.0070014 -0.0013084 -0.0056115
0.00063447 -0.000492 -0.0040154 0.006015 -0.00098726 -0.0054324
0.00059183 -0.00049953 -0.0036779 0.0052261 -0.001608 -0.0036468
0.0005374 -0.00042271 -0.0032894 0.0049632 -0.00038849 -0.0029033
0.00050878 -0.00036537 -0.0028231 0.0043056 -0.00017438 -0.002784
0.00048015 -0.00030804 -0.0023568 0.003648 3.9738e-05 -0.0026646
0.00042817 -0.00029675 -0.0022327 0.0032996 -0.00059719 -0.0029468
0.00039954 -0.00023941 -0.0017664 0.002642 -0.00038308 -0.0028274
0.00034756 -0.00022812 -0.0016423 0.0022936 -0.00102 -0.0031096
0.00034511 -0.0001626 -0.0013779 0.0023792 0.00083647 -0.002084
0.00029313 -0.00015131 -0.0012538 0.0020308 0.00019954 -0.0023662
0.00025546 -0.00016869 -0.0013628 0.0020113 -0.00054445 -0.0027081
0.00027882 -0.00012264 -0.0010207 0.001702 0.00030659 -0.0023065
0.00026451 -9.3972e-05 -0.00078753 0.0013732 0.00041365 -0.0022468
0.00021381 -9.2848e-05 -0.0011096 0.0012862 0.00046779 -0.002502
0.0001995 -6.418e-05 -0.00087651 0.00095739 0.00057485 -0.0024423
0.00018672 -6.3202e-05 -0.00074118 0.0014196 0.00078215 -0.001905
0.00013474 -5.1913e-05 -0.00061706 0.0010713 0.00014522 -0.0021872
0.00011392 -5.8225e-06 -0.00065404 0.0010757 -1.8721e-05 -4.6045e-05
0.00011392 -5.8225e-06 -0.00065404 0.0010757 -1.8721e-05 -4.6045e-05
0.00012042 -2.3245e-05 -0.00038393 0.00074246 0.00025228 -0.0021275
0.00012042 -2.3245e-05 -0.00038393 0.00074246 0.00025228 -0.0021275
6.8443e-05 -1.1956e-05 -0.00025981 0.00039411 -0.00038466 -0.0024097
6.8443e-05 -1.1956e-05 -0.00025981 0.00039411 -0.00038466 -0.0024097
6.8443e-05 -1.1956e-05 -0.00025981 0.00039411 -0.00038466 -0.0024097
6.8443e-05 -1.1956e-05 -0.00025981 0.00039411 -0.00038466 -0.0024097
5.4131e-05 1.6712e-05 -2.6672e-05 6.5294e-05 -0.0002776 -0.00235
5.4131e-05 1.6712e-05 -2.6672e-05 6.5294e-05 -0.0002776 -0.00235
2.8324e-05 3.6193e-05 -0.00010443 0.00046009 0.00072783 -0.001726
-9.344e-06 1.8814e-05 -0.00021345 0.00044055 -1.6154e-05 -0.0020679
-2.3657e-05 4.7482e-05 1.9684e-05 0.00011174 9.0903e-05 -0.0020082
-0 -0 0 0 0 -0
-0 -0 0 0 0 -0
-0 -0 0 0 0 -0
-0 -0 0 0 0 -0
-0.0022856 0.08069 -0.0067167 0.012944 -0.018031 0.013532
-0.0026231 0.080974 -0.007677 0.011807 -0.017779 0.010391
-0.0027075 0.080684 -0.0079963 0.011076 -0.017239 0.0032797
-0.0026226 0.08034 -0.0081435 0.010196 -0.017658 0.0021499
-0.00243 0.079636 -0.008352 0.0083122 -0.017772 0.0044922
-0.0021865 0.078697 -0.0083421 0.0066053 -0.017198 0.0072646
-0.0017745 0.07748 -0.0086138 0.0040326 -0.017927 0.010539
-0.0013079 0.076172 -0.0089958 0.0011522 -0.017067 0.018368
-0.00076613 0.074761 -0.0092248 -0.00083876 -0.016828 0.022186
-0.00016509 0.073221 -0.0097311 -0.0035059 -0.017771 0.026899
0.00069232 0.071354 -0.0094964 -0.0055737 -0.017524 0.032655
0.0015541 0.069407 -0.0095894 -0.0080987 -0.018981 0.032748
0.002559 0.067417 -0.0091996 -0.010222 -0.017903 0.034281
0.0036475 0.065157 -0.0094116 -0.012322 -0.019594 0.034024
0.004851 0.062935 -0.0089514 -0.01383 -0.019666 0.035232
0.0060869 0.06059 -0.0084442 -0.014978 -0.020271 0.03425
0.0073971 0.057927 -0.0075066 -0.016522 -0.020135 0.037836
0.0088176 0.055321 -0.0061798 -0.017914 -0.0196 0.04188
0.010105 0.052745 -0.0050101 -0.018629 -0.018907 0.035577
0.011511 0.04996 -0.0038309 -0.019411 -0.018651 0.039762
0.012817 0.04726 -0.0025353 -0.019921 -0.017725 0.038111
0.014121 0.044453 -0.0012661 -0.020697 -0.014673 0.039216
0.015434 0.041573 6.6469e-05 -0.020998 -0.012085 0.036113
0.016708 0.038881 0.001297 -0.021127 -0.010065 0.035127
0.017914 0.036325 0.0020777 -0.021267 -0.0065667 0.034427
0.01925 0.033861 0.0028233 -0.020856 -0.0040903 0.033515
0.020531 0.031432 0.0030085 -0.021359 -0.0017951 0.029307
0.021733 0.029056 0.0033537 -0.021329 0.00092579 0.025907
0.022922 0.026821 0.0035658 -0.021505 0.001237 0.021397
0.024066 0.024472 0.0033665 -0.021906 0.00094898 0.016164
0.025211 0.022153 0.0032651 -0.022304 0.0035458 0.0099346
0.026188 0.020239 0.0026741 -0.022857 0.0060805 0.0078854
0.027308 0.018508 0.001489 -0.02329 0.0088614 0.00093354
0.028332 0.016975 -6.2251e-05 -0.024046 0.010078 -0.0025824
0.029342 0.015482 -0.0017228 -0.025159 0.011223 -0.008623
0.030382 0.014279 -0.0033368 -0.0263 0.011227 -0.015026
0.031457 0.01295 -0.00496 -0.02719 0.010447 -0.019468
0.03243 0.011683 -0.0066263 -0.028928 0.0087862 -0.020309
0.033303 0.010425 -0.0081467 -0.030287 0.0075921 -0.016052
0.034165 0.009163 -0.0099349 -0.031587 0.0065972 -0.018471
0.035015 0.0080627 -0.011411 -0.033074 0.0041639 -0.016832
0.035824 0.006484 -0.013189 -0.034145 0.0021262 -0.0063709
0.036596 0.0049947 -0.014717 -0.035945 -0.0010538 0.0078481
0.037336 0.0035394 -0.016203 -0.037665 -0.0061077 0.0237
0.037852 0.0022139 -0.017413 -0.038888 -0.0095255 0.028019
0.03829 0.00089916 -0.018673 -0.03979 -0.013775 0.038883
0.03876 -0.00048816 -0.020131 -0.040873 -0.017171 0.049692
0.039114 -0.0018267 -0.021493 -0.04183 -0.019901 0.058932
0.039432 -0.002973 -0.022574 -0.042462 -0.022874 0.068673
0.03954 -0.0039367 -0.023297 -0.042868 -0.027361 0.067763
0.039558 -0.004816 -0.024029 -0.04269 -0.030448 0.06356
0.039508 -0.0055389 -0.024706 -0.042687 -0.034607 0.059037
0.039484 -0.0061814 -0.024551 -0.042854 -0.036768 0.055896
0.039431 -0.0067583 -0.024646 -0.042575 -0.039114 0.052826
0.039305 -0.0071157 -0.024761 -0.041905 -0.03951 0.042173
0.039086 -0.0075148 -0.025008 -0.041433 -0.040583 0.037699
0.038868 -0.0078136 -0.025231 -0.040686 -0.041672 0.026896
0.03865 -0.0082181 -0.025473 -0.039712 -0.04352 0.020285
0.038376 -0.008402 -0.025531 -0.038784 -0.0456 0.01169
0.038118 -0.0086309 -0.025932 -0.037738 -0.046143 0.0077824
0.037821 -0.0087137 -0.025363 -0.036076 -0.046907 -0.0013635
0.037607 -0.0088622 -0.025067 -0.035154 -0.046477 -0.0065829
0.037341 -0.0089335 -0.024383 -0.033987 -0.045643 -0.013214
0.037057 -0.0089672 -0.023407 -0.033559 -0.045747 -0.018209
0.036801 -0.008989 -0.02185 -0.032614 -0.044756 -0.019757
0.03652 -0.0089452 -0.020622 -0.032087 -0.043088 -0.023767
0.036196 -0.00887 -0.018892 -0.032265 -0.043082 -0.023974
0.035843 -0.0087863 -0.017229 -0.031552 -0.042805 -0.025674
0.035507 -0.0086268 -0.015447 -0.031203 -0.040959 -0.026923
0.035133 -0.0084084 -0.013911 -0.030924 -0.038438 -0.025925
0.034732 -0.0082184 -0.012219 -0.03099 -0.036435 -0.027372
0.034389 -0.0079713 -0.01007 -0.031354 -0.032793 -0.028055
0.034039 -0.0077113 -0.007798 -0.031241 -0.029027 -0.028239
0.033699 -0.0074586 -0.0056547 -0.031598 -0.025425 -0.028941
0.033211 -0.0071245 -0.0034292 -0.031858 -0.023284 -0.025427
0.032751 -0.0068538 -0.0008966 -0.032456 -0.020708 -0.026137
0.032389 -0.0066129 0.0014046 -0.032383 -0.018867 -0.022662
0.03194 -0.0063772 0.0037104 -0.032659 -0.016354 -0.02341
0.031525 -0.0062066 0.006287 -0.031607 -0.016411 -0.021861
0.031265 -0.0059861 0.0095709 -0.031606 -0.016197 -0.020503
0.031021 -0.0058476 0.013269 -0.030104 -0.019963 -0.021484
0.030764 -0.0056658 0.016864 -0.02818 -0.022892 -0.02192
0.030451 -0.0055326 0.019994 -0.026457 -0.026708 -0.020995
0.030168 -0.0055432 0.023124 -0.023979 -0.029927 -0.023796
0.029886 -0.0056062 0.026045 -0.021198 -0.033086 -0.026577
0.029541 -0.0055938 0.029045 -0.017966 -0.036242 -0.02448
0.029234 -0.00563 0.031104 -0.014284 -0.036181 -0.02398
0.028906 -0.0057141 0.03361 -0.010017 -0.038294 -0.023478
0.028554 -0.0058435 0.035773 -0.005441 -0.041261 -0.023379
0.028103 -0.0059363 0.036218 -0.00016979 -0.040187 -0.022682
0.027618 -0.0058882 0.036278 0.0049886 -0.03706 -0.017168
0.027105 -0.0059884 0.036089 0.010897 -0.035037 -0.016164
0.026578 -0.0061335 0.036665 0.016659 -0.036041 -0.0157
0.02605 -0.0062514 0.037359 0.022894 -0.039081 -0.011188
0.025417 -0.006318 0.037233 0.029295 -0.03942 -0.006114
0.02476 -0.006342 0.036676 0.035567 -0.038204 -0.00088492
0.024215 -0.0063748 0.036633 0.041545 -0.037263 0.004336
0.02364 -0.0064526 0.036305 0.047431 -0.036104 0.0071606
0.02311 -0.0065183 0.035577 0.053498 -0.033808 0.014483
0.022427 -0.0065382 0.034878 0.059 -0.034418 0.016219
0.021706 -0.0065787 0.03283 0.063966 -0.032984 0.019372
0.020985 -0.0067508 0.031098 0.068636 -0.035515 0.018883
0.020189 -0.0068463 0.028317 0.072158 -0.036935 0.019398
0.019327 -0.0069327 0.024555 0.075278 -0.035997 0.021927
0.018435 -0.0069917 0.02122 0.07835 -0.038267 0.019279
0.017459 -0.0071579 0.01741 0.080273 -0.042209 0.019251
0.016383 -0.0072209 0.012524 0.081558 -0.043819 0.016683
0.01522 -0.0072929 0.006411 0.082467 -0.044837 0.013095
0.014054 -0.0072817 0.00021436 0.082932 -0.043407 0.010081
0.012803 -0.0073191 -0.0065857 0.08242 -0.044664 0.0049487
0.011623 -0.0073606 -0.013254 0.082726 -0.044253 0.0010151
0.010508 -0.0073831 -0.019301 0.0819 -0.04406 -0.0011107
0.0095063 -0.0073413 -0.025363 0.081105 -0.041819 -0.0047972
0.0085562 -0.0072173 -0.031188 0.08046 -0.037998 -0.0098081
0.0076907 -0.0070773 -0.036581 0.079414 -0.032674 -0.012067
0.0068981 -0.0068822 -0.040864 0.077884 -0.027243 -0.013697
0.0063576 -0.0067585 -0.0438 0.076196 -0.023126 -0.012922
0.005822 -0.006614 -0.045845 0.075 -0.022019 -0.01651
0.0053815 -0.0064516 -0.046352 0.072948 -0.021589 -0.017487
0.005053 -0.0063205 -0.046449 0.070891 -0.020559 -0.01586
0.0047503 -0.0061328 -0.045757 0.068771 -0.020184 -0.016012
0.0044697 -0.005889 -0.044276 0.06608 -0.019649 -0.01579
0.0042251 -0.0056 -0.042589 0.062618 -0.01847 -0.015703
0.0039159 -0.0052989 -0.040643 0.05927 -0.017721 -0.015361
0.003643 -0.0049701 -0.038141 0.05568 -0.016919 -0.014705
0.0034062 -0.0045963 -0.035432 0.051318 -0.015473 -0.014184
0.0031047 -0.0042102 -0.032464 0.047071 -0.014457 -0.013408
0.0028679 -0.0038364 -0.029755 0.042709 -0.013011 -0.012887
0.0026041 -0.003433 -0.026678 0.038481 -0.011251 -0.01177
0.002409 -0.003135 -0.024223 0.034845 -0.010817 -0.011455
0.0021504 -0.0028349 -0.021954 0.031583 -0.010122 -0.010858
0.0020085 -0.0025584 -0.020069 0.028557 -0.0083602 -0.010234
0.0018797 -0.0023004 -0.017971 0.025597 -0.0073967 -0.0096971
0.0017017 -0.002069 -0.016293 0.023342 -0.0062788 -0.0089375
0.0015639 -0.0018857 -0.01477 0.021021 -0.0062734 -0.0088616
0.0014522 -0.0016942 -0.013449 0.019443 -0.0046256 -0.0078794
0.0013806 -0.0015508 -0.012283 0.017799 -0.0040903 -0.007581
0.0012571 -0.0013962 -0.010993 0.015806 -0.004192 -0.0075648
0.0011364 -0.0012794 -0.010247 0.014866 -0.0035023 -0.0070439
0.0010791 -0.0011648 -0.0093148 0.013551 -0.0030741 -0.0068051
0.0009842 -0.0010675 -0.0084913 0.012216 -0.0033898 -0.0069083
0.00091392 -0.00093429 -0.0077719 0.010833 -0.0021635 -0.0065828
0.00083332 -0.00086566 -0.0071815 0.0098273 -0.0025863 -0.0067456
0.0007776 -0.00077868 -0.0063468 0.0093031 -0.0020578 -0.0060293
0.00073466 -0.00069268 -0.0056474 0.0083167 -0.0017367 -0.0058502
0.00066837 -0.00065272 -0.0052901 0.0076395 -0.0022665 -0.0060727
0.0006124 -0.00054821 -0.0048038 0.0065856 -0.0011472 -0.0058069
0.00059465 -0.00053738 -0.0042219 0.0062785 -0.00081671 -0.0031421
0.00054237 -0.00043256 -0.0037359 0.0057326 -0.0005117 -0.0050309
0.00049973 -0.00044009 -0.0033984 0.0049437 -0.0011325 -0.0032452
0.00048542 -0.00041142 -0.0031652 0.0046149 -0.0010254 -0.0031855
0.0004568 -0.00035409 -0.002699 0.0039573 -0.00081131 -0.0030662
0.00044248 -0.00032542 -0.0024658 0.0036284 -0.00070425 -0.0030065
0.00035038 -0.00026598 -0.0021863 0.0033461 -0.00022869 -0.002605
0.00033607 -0.00023731 -0.0019532 0.0030173 -0.00012163 -0.0025453
0.00028409 -0.00022602 -0.0018291 0.0026689 -0.00075857 -0.0028275
0.00026978 -0.00019735 -0.001596 0.0023401 -0.00065151 -0.0027678
0.00025546 -0.00016869 -0.0013628 0.0020113 -0.00054445 -0.0027081
0.00025546 -0.00016869 -0.0013628 0.0020113 -0.00054445 -0.0027081
0.00022812 -0.00012152 -0.0013428 0.001615 0.00036074 -0.0025617
0.00016336 -0.00010925 -0.0010833 0.0017289 -6.8894e-05 -0.0023066
0.00016336 -0.00010925 -0.0010833 0.0017289 -6.8894e-05 -0.0023066
0.00014905 -8.0581e-05 -0.00085019 0.0014001 3.8162e-05 -0.0022469
0.00014905 -8.0581e-05 -0.00085019 0.0014001 3.8162e-05 -0.0022469
0.00011392 -5.8225e-06 -0.00065404 0.0010757 -1.8721e-05 -4.6045e-05
9.9605e-05 2.2846e-05 -0.00042091 0.00074684 8.8336e-05 1.364e-05
6.1937e-05 5.4665e-06 -0.00052992 0.0007273 -0.00065565 -0.00032824
8.2756e-05 -4.0624e-05 -0.00049294 0.00072292 -0.00049171 -0.0024694
5.5416e-05 6.5472e-06 -0.0004729 0.00032667 0.00041348 -0.002323
5.5416e-05 6.5472e-06 -0.0004729 0.00032667 0.00041348 -0.002323
5.5416e-05 6.5472e-06 -0.0004729 0.00032667 0.00041348 -0.002323
5.5416e-05 6.5472e-06 -0.0004729 0.00032667 0.00041348 -0.002323
-9.344e-06 1.8814e-05 -0.00021345 0.00044055 -1.6154e-05 -0.0020679
-9.344e-06 1.8814e-05 -0.00021345 0.00044055 -1.6154e-05 -0.0020679
-9.344e-06 1.8814e-05 -0.00021345 0.00044055 -1.6154e-05 -0.0020679
-2.3657e-05 4.7482e-05 1.9684e-05 0.00011174 9.0903e-05 -0.0020082
-0 -0 0 0 0 -0
-0 -0 0 0 0 -0
-0 -0 0 0 0 -0
-0 -0 0 0 0 -0
-0 -0 0 0 0 -0
-0.0022856 0.08069 -0.0067167 0.012944 -0.018031 0.013532
-0.0028515 0.080804 -0.0077396 0.012254 -0.023424 0.0088013
-0.0028388 0.080583 -0.0079338 0.011494 -0.021903 0.0064045
-0.0027711 0.080104 -0.0076225 0.01106 -0.022241 0.0038243
-0.0024804 0.079281 -0.0072052 0.0095826 -0.021094 0.0073058
-0.0021729 0.078158 -0.0069006 0.0077927 -0.02089 0.0078072
-0.0016869 0.076881 -0.0069261 0.005095 -0.019892 0.013931
-0.0010168 0.075451 -0.0068345 0.0027572 -0.019091 0.015627
-0.00023881 0.07387 -0.0067445 0.0002269 -0.018395 0.016939
0.0006162 0.072233 -0.0068009 -0.002064 -0.017171 0.020533
0.0016241 0.070338 -0.0068872 -0.0042755 -0.016969 0.025641
0.0026761 0.068193 -0.0067479 -0.0063104 -0.013902 0.027638
0.0038086 0.065873 -0.0063834 -0.0075064 -0.013173 0.027165
0.0050151 0.063565 -0.0059033 -0.009169 -0.013062 0.030511
0.0062965 0.060966 -0.0052247 -0.010251 -0.011039 0.030576
0.0075401 0.058244 -0.0038878 -0.011357 -0.011048 0.037041
0.0088929 0.055463 -0.0029854 -0.012606 -0.007625 0.035373
0.010248 0.052747 -0.0018671 -0.013387 -0.0054807 0.040318
0.01166 0.049806 -0.00054985 -0.014755 -0.0036413 0.042584
0.013009 0.047226 0.00076083 -0.015686 -0.0017185 0.045383
0.014391 0.044347 0.0022203 -0.016467 0.00033081 0.046136
0.015684 0.041649 0.0035924 -0.017127 0.0020057 0.051318
0.017181 0.038814 0.0053852 -0.017634 0.001722 0.049331
0.018442 0.036161 0.006896 -0.017974 0.0040372 0.044224
0.019763 0.033503 0.0082171 -0.018063 0.0066727 0.04352
0.021034 0.030809 0.0098382 -0.018554 0.0098789 0.043095
0.022302 0.028248 0.01041 -0.019202 0.014832 0.040124
0.023607 0.025857 0.011724 -0.019729 0.018763 0.033148
0.024929 0.023511 0.012223 -0.020517 0.019587 0.032813
0.026226 0.021303 0.012718 -0.021035 0.020296 0.028323
0.02747 0.019193 0.013307 -0.021727 0.022235 0.017811
0.028688 0.017367 0.013637 -0.022559 0.021079 0.010301
0.02989 0.015583 0.013479 -0.02312 0.020409 0.0049404
0.031002 0.014146 0.013131 -0.02363 0.017039 -0.0013337
0.032031 0.012572 0.012592 -0.024842 0.01535 -0.0075424
0.033027 0.011348 0.011718 -0.026132 0.014375 -0.015869
0.034212 0.01033 0.0098003 -0.027758 0.011143 -0.011142
0.035225 0.0092073 0.0079288 -0.028961 0.0096047 -0.011777
0.036066 0.0080877 0.0056848 -0.030238 0.0078288 -0.012627
0.036842 0.0069921 0.0037558 -0.0313 0.0037457 -0.013809
0.037679 0.0059427 0.0010033 -0.032291 0.00019665 -0.0090083
0.03844 0.0048027 -0.0018419 -0.033997 -0.0030336 0.0019927
0.039025 0.003662 -0.0045992 -0.03475 -0.00492 0.010125
0.039525 0.0025963 -0.0074911 -0.035899 -0.0047429 0.016609
0.040009 0.0013676 -0.010082 -0.037217 -0.0068323 0.028934
0.040409 0.00020658 -0.012343 -0.037687 -0.009864 0.033181
0.040712 -0.00095861 -0.014581 -0.038763 -0.011734 0.044185
0.041004 -0.0020942 -0.01614 -0.039406 -0.013688 0.047348
0.041162 -0.0032101 -0.01801 -0.040227 -0.017457 0.05838
0.04121 -0.0041657 -0.019772 -0.040634 -0.020655 0.061477
0.041151 -0.0049552 -0.021431 -0.040621 -0.023321 0.056621
0.041068 -0.0057217 -0.022773 -0.04008 -0.026702 0.054376
0.040821 -0.0063484 -0.024433 -0.040222 -0.030768 0.049222
0.040555 -0.0069096 -0.026081 -0.039965 -0.033124 0.047234
0.040265 -0.0074186 -0.027257 -0.039356 -0.036855 0.041075
0.039948 -0.0077929 -0.028046 -0.03884 -0.039508 0.031322
0.039585 -0.0081569 -0.028768 -0.038271 -0.043868 0.023282
0.039195 -0.0084797 -0.029463 -0.037598 -0.048093 0.013254
0.038868 -0.0087662 -0.029806 -0.036423 -0.050627 0.0044456
0.038522 -0.0090597 -0.030405 -0.035717 -0.054192 -0.0052798
0.038153 -0.0091551 -0.030465 -0.035232 -0.055337 -0.009277
0.037808 -0.0093257 -0.030206 -0.03459 -0.056778 -0.019612
0.03743 -0.0093364 -0.029497 -0.034691 -0.057804 -0.021035
0.037036 -0.009421 -0.028461 -0.034173 -0.059786 -0.028658
0.036675 -0.0093804 -0.026901 -0.034745 -0.060352 -0.033835
0.036391 -0.0094002 -0.024696 -0.034805 -0.061695 -0.036317
0.036074 -0.009289 -0.022477 -0.034334 -0.061365 -0.037702
0.035797 -0.0091271 -0.020057 -0.034628 -0.060432 -0.039242
0.035506 -0.0088783 -0.01719 -0.034772 -0.05856 -0.03768
0.035135 -0.0087796 -0.014493 -0.034127 -0.059414 -0.038876
0.034794 -0.0085467 -0.0116 -0.033827 -0.058083 -0.037122
0.034587 -0.0084018 -0.008705 -0.033276 -0.055293 -0.034874
0.034322 -0.0082205 -0.0059055 -0.032627 -0.053201 -0.034997
0.034065 -0.0080799 -0.003327 -0.031661 -0.051132 -0.03514
0.033801 -0.0079333 -0.00067626 -0.030334 -0.049155 -0.030617
0.033525 -0.0078166 0.0019942 -0.029308 -0.048712 -0.031229
0.033288 -0.0076068 0.004639 -0.028312 -0.046102 -0.028908
0.032983 -0.0073904 0.0075489 -0.027209 -0.043883 -0.026313
0.032768 -0.0072318 0.010634 -0.025587 -0.043583 -0.026271
0.032604 -0.0070189 0.014646 -0.024048 -0.045113 -0.024006
0.032419 -0.0069182 0.01883 -0.022498 -0.04781 -0.024211
0.032281 -0.0067435 0.022481 -0.020594 -0.050408 -0.024668
0.03205 -0.0065348 0.026313 -0.018687 -0.051633 -0.0221
0.031814 -0.0064663 0.030082 -0.016439 -0.054135 -0.022063
0.031623 -0.006539 0.034111 -0.013766 -0.05797 -0.024302
0.031368 -0.0065063 0.037917 -0.011558 -0.060221 -0.024146
0.031055 -0.006533 0.041268 -0.0082632 -0.061104 -0.025264
0.030602 -0.0065466 0.043964 -0.0059521 -0.062728 -0.027713
0.030076 -0.0065469 0.046208 -0.0029395 -0.064316 -0.027778
0.029509 -0.0063838 0.048638 0.00017371 -0.064416 -0.022555
0.028921 -0.0063028 0.050159 0.0033858 -0.06265 -0.021756
0.028273 -0.0060519 0.051664 0.0066177 -0.058512 -0.015543
0.027646 -0.0059788 0.053523 0.0095481 -0.058176 -0.015111
0.02694 -0.0058026 0.054919 0.013606 -0.056268 -0.0092113
0.026176 -0.0056143 0.055651 0.016533 -0.052857 -0.0018416
0.025381 -0.0054374 0.056268 0.019955 -0.051044 0.0030128
0.024648 -0.0052858 0.057426 0.023524 -0.050044 0.0080545
0.023857 -0.0050487 0.058234 0.02667 -0.046287 0.0092666
0.023186 -0.0049198 0.058686 0.029879 -0.043351 0.016235
0.022338 -0.0047401 0.058192 0.032939 -0.040162 0.020429
0.021339 -0.004557 0.056732 0.035738 -0.036811 0.023858
0.020395 -0.0045366 0.054571 0.039111 -0.035411 0.023981
0.019465 -0.0044969 0.052323 0.041626 -0.035343 0.025103
0.018435 -0.004465 0.048984 0.044227 -0.034475 0.025743
0.01737 -0.0044986 0.044923 0.046194 -0.035618 0.024564
0.016304 -0.0045146 0.040513 0.047631 -0.036169 0.022935
0.015213 -0.0045696 0.034968 0.048601 -0.035475 0.022636
0.01401 -0.00451 0.028926 0.04964 -0.033748 0.018151
0.012792 -0.0044876 0.022853 0.049757 -0.032955 0.014856
0.0115 -0.0044926 0.015768 0.049566 -0.032368 0.010453
0.010319 -0.0045916 0.010071 0.049292 -0.035012 0.0080259
0.009105 -0.0045253 0.0045364 0.048871 -0.035865 0.0020522
0.0080724 -0.0044542 -0.0011573 0.0477 -0.032495 0.0011173
0.0070667 -0.0043192 -0.0068576 0.046199 -0.028497 -0.0020213
0.0061713 -0.0041117 -0.011338 0.044234 -0.02365 -0.0041882
0.0054305 -0.003973 -0.015117 0.042444 -0.020821 -0.0066154
0.0048004 -0.0037795 -0.017328 0.04072 -0.017734 -0.0076204
0.0042468 -0.0036066 -0.019139 0.038688 -0.015706 -0.0089942
0.0038048 -0.0033713 -0.020177 0.036453 -0.012137 -0.0093695
0.0034527 -0.0031927 -0.020253 0.034508 -0.011016 -0.0097499
0.003137 -0.0029866 -0.019775 0.03232 -0.009843 -0.0098154
0.0028719 -0.0027815 -0.018974 0.03022 -0.0087238 -0.0096257
0.0026327 -0.002596 -0.018095 0.027725 -0.0086101 -0.01006
0.002404 -0.0023634 -0.016739 0.025383 -0.0074381 -0.0095556
0.0022388 -0.002133 -0.015196 0.022665 -0.0065275 -0.0093333
0.0020231 -0.0019189 -0.013627 0.02039 -0.0061536 -0.0089155
0.0018595 -0.0017161 -0.012181 0.018464 -0.0051427 -0.0082156
0.0017229 -0.001543 -0.011105 0.016404 -0.0044463 -0.0081126
0.0015216 -0.0013576 -0.0097686 0.014458 -0.0041794 -0.0077545
0.0014123 -0.0012316 -0.0087119 0.012794 -0.0043881 -0.007798
0.0012916 -0.0011149 -0.0079661 0.011854 -0.0036984 -0.0072771
0.0011837 -0.00099906 -0.0073557 0.010452 -0.0032161 -0.0072935
0.0011407 -0.00091305 -0.0066563 0.0094657 -0.0028949 -0.0071144
0.0010343 -0.00082495 -0.0061437 0.0088545 -0.0023123 -0.0066532
0.00099138 -0.00073894 -0.0054443 0.0078681 -0.0019911 -0.0064742
0.00094844 -0.00065294 -0.0047449 0.0068816 -0.0016699 -0.0062951
0.00085634 -0.0005935 -0.0044654 0.0065993 -0.0011944 -0.0058936
0.00082771 -0.00053616 -0.0039991 0.0059416 -0.00098027 -0.0057742
0.00077573 -0.00052487 -0.003875 0.0055933 -0.0016172 -0.0060564
0.00068363 -0.00046544 -0.0035955 0.0053109 -0.0011416 -0.0056549
0.00066932 -0.00043677 -0.0033624 0.0049821 -0.0010346 -0.0055952
0.00060303 -0.00039681 -0.0030051 0.0043049 -0.0015645 -0.0058177
0.00057569 -0.00034964 -0.0029851 0.0039087 -0.00065927 -0.0056713
0.00054859 -0.00031999 -0.0026166 0.0040421 -0.00034492 -0.0050743
0.00049661 -0.00030871 -0.0024925 0.0036937 -0.00098185 -0.0053565
0.00044463 -0.00029742 -0.0023684 0.0033454 -0.0016188 -0.0056387
0.00047862 -0.00028035 -0.002259 0.0028569 -6.0506e-05 -0.0031422
0.0004643 -0.00025168 -0.0020259 0.0025281 4.6551e-05 -0.0030825
0.00039954 -0.00023941 -0.0017664 0.002642 -0.00038308 -0.0028274
0.00038523 -0.00021075 -0.0015333 0.0023132 -0.00027602 -0.0027677
0.00034726 -0.0001346 -0.0012805 0.0020961 -7.8064e-05 -0.0047162
0.00029528 -0.00012331 -0.0011564 0.0017478 -0.000715 -0.0049984
0.00031894 -0.00017079 -0.001176 0.001636 -0.0008059 -0.0029903
0.00027882 -0.00012264 -0.0010207 0.001702 0.00030659 -0.0023065
0.00024115 -0.00014002 -0.0011297 0.0016825 -0.0004374 -0.0026484
0.00022684 -0.00011135 -0.00089655 0.0013536 -0.00033034 -0.0025887
0.00022684 -0.00011135 -0.00089655 0.0013536 -0.00033034 -0.0025887
0.00021252 -8.2683e-05 -0.00066342 0.0010248 -0.00022328 -0.002529
0.00021252 -8.2683e-05 -0.00066342 0.0010248 -0.00022328 -0.002529
0.00014752 -5.2891e-05 -0.00075239 0.00060904 -6.2082e-05 -0.0027245
0.00014752 -5.2891e-05 -0.00075239 0.00060904 -6.2082e-05 -0.0027245
0.00013474 -5.1913e-05 -0.00061706 0.0010713 0.00014522 -0.0021872
0.00012042 -2.3245e-05 -0.00038393 0.00074246 0.00025228 -0.0021275
8.2756e-05 -4.0624e-05 -0.00049294 0.00072292 -0.00049171 -0.0024694
8.2756e-05 -4.0624e-05 -0.00049294 0.00072292 -0.00049171 -0.0024694
4.7624e-05 3.4134e-05 -0.00029679 0.00039849 -0.0005486 -0.00026855
6.8443e-05 -1.1956e-05 -0.00025981 0.00039411 -0.00038466 -0.0024097
6.8443e-05 -1.1956e-05 -0.00025981 0.00039411 -0.00038466 -0.0024097
6.8443e-05 -1.1956e-05 -0.00025981 0.00039411 -0.00038466 -0.0024097
4.1103e-05 3.5215e-05 -0.00023977 -2.1478e-06 0.00052053 -0.0022633
3.4354e-06 1.7836e-05 -0.00034878 -2.1681e-05 -0.00022345 -0.0026052
-9.344e-06 1.8814e-05 -0.00021345 0.00044055 -1.6154e-05 -0.0020679
-9.344e-06 1.8814e-05 -0.00021345 0.00044055 -1.6154e-05 -0.0020679
-9.344e-06 1.8814e-05 -0.00021345 0.00044055 -1.6154e-05 -0.0020679
-0 -0 0 0 0 -0
-0 -0 0 0 0 -0
-0 -0 0 0 0 -0
-0 -0 0 0 0 -0
-0 -0 0 0 0 -0
-0 -0 0 0 0 -0
-0 -0 0 0 0 -0
-0.0022856 0.08069 -0.0067167 0.012944 -0.018031 0.013532
-0.0024304 0.080716 -0.0056745 0.01248 -0.020499 0.015651
-0.0023716 0.080429 -0.0057434 0.012096 -0.018888 0.013569
-0.0021461 0.079909 -0.0050884 0.011605 -0.016925 0.011879
-0.001803 0.079065 -0.0043958 0.01112 -0.015516 0.011925
-0.0013712 0.077824 -0.0037281 0.00959 -0.013552 0.015563
-0.00082496 0.076549 -0.0030554 0.0076555 -0.011018 0.014582
-2.9217e-05 0.074849 -0.0027861 0.0054421 -0.0098567 0.016386
0.00084688 0.073334 -0.0021214 0.0036408 -0.0083447 0.014524
0.0020076 0.071591 -0.0018552 0.0012836 -0.0073245 0.01779
0.0032024 0.069482 -0.0012577 -0.00075562 -0.007407 0.012241
0.00446 0.067347 -0.0006224 -0.0027209 -0.0053847 0.018408
0.0058073 0.064963 -0.00056153 -0.0050226 -0.0031417 0.017127
0.0071518 0.062332 0.00018796 -0.0069559 0.00067289 0.012871
0.0084803 0.059693 0.0010336 -0.008561 0.0024355 0.016925
0.0098663 0.056832 0.0016762 -0.01088 0.0055652 0.01629
0.011269 0.053907 0.0027151 -0.012406 0.010014 0.019199
0.012636 0.050886 0.0029375 -0.01378 0.012576 0.020778
0.014088 0.047833 0.0038723 -0.015664 0.01663 0.012145
0.015351 0.044984 0.0044847 -0.016933 0.020014 0.023426
0.016793 0.042126 0.0055134 -0.017264 0.02263 0.01766
0.018239 0.039397 0.006169 -0.017692 0.025167 0.018053
0.019672 0.03669 0.0070553 -0.017931 0.029106 0.012779
0.021113 0.033826 0.008421 -0.018735 0.032676 0.011732
0.022523 0.031117 0.009912 -0.018807 0.034167 0.01061
0.023718 0.028385 0.011318 -0.019339 0.035903 0.0095093
0.024967 0.02578 0.013111 -0.019613 0.040198 0.0054868
0.02618 0.02323 0.014604 -0.020859 0.041936 0.0083844
0.027333 0.021059 0.015344 -0.021819 0.045233 0.0072118
0.028518 0.018979 0.015795 -0.022543 0.044197 0.0020922
0.029575 0.016957 0.016081 -0.022818 0.04362 -0.0024848
0.030732 0.015118 0.016123 -0.022995 0.041484 -0.0035286
0.031891 0.013754 0.015635 -0.023006 0.03859 -0.011648
0.033133 0.01254 0.014538 -0.023085 0.03607 -0.01812
0.034514 0.011497 0.0132 -0.023033 0.031923 -0.023311
0.035791 0.010483 0.011773 -0.022918 0.029348 -0.032151
0.037042 0.0095916 0.010242 -0.022762 0.026233 -0.03681
0.038198 0.0085554 0.0086145 -0.02247 0.021929 -0.035251
0.039216 0.0075035 0.0070121 -0.022585 0.01853 -0.035586
0.040142 0.0064356 0.0049889 -0.022539 0.016183 -0.031286
0.040986 0.0053177 0.0026955 -0.023145 0.015062 -0.024917
0.041896 0.0037507 -6.4289e-05 -0.024436 0.014905 -0.0018156
0.042601 0.0024505 -0.0026197 -0.025525 0.016658 0.0096006
0.043056 0.0013407 -0.0052629 -0.026681 0.016376 0.018377
0.043418 0.00027738 -0.0072247 -0.027479 0.016212 0.023847
0.043748 -0.00083097 -0.00952 -0.029 0.014755 0.036815
0.043893 -0.0018577 -0.011695 -0.030088 0.013821 0.037566
0.044032 -0.0028312 -0.013642 -0.031228 0.012507 0.047125
0.04406 -0.0037318 -0.015849 -0.032258 0.011591 0.05249
0.043941 -0.0044742 -0.017614 -0.033149 0.0097768 0.049535
0.043654 -0.0050773 -0.018831 -0.033584 0.0050862 0.046604
0.043465 -0.0058377 -0.020365 -0.033485 0.0011662 0.043842
0.043262 -0.0065356 -0.022341 -0.033511 -0.0033961 0.044765
0.043039 -0.0071461 -0.023356 -0.033045 -0.0081908 0.042496
0.042643 -0.0075778 -0.024465 -0.032786 -0.010644 0.036828
0.042289 -0.0078801 -0.025453 -0.032727 -0.011638 0.027287
0.041835 -0.0081016 -0.026825 -0.032759 -0.012818 0.021815
0.04138 -0.0083387 -0.027792 -0.032154 -0.014339 0.012643
0.040972 -0.0085831 -0.02843 -0.031469 -0.015869 0.0037463
0.040462 -0.0087024 -0.029633 -0.030809 -0.016705 -0.0052253
0.040113 -0.0089375 -0.030019 -0.030132 -0.018628 -0.009757
0.039707 -0.0089799 -0.030317 -0.029215 -0.01987 -0.013641
0.039314 -0.0090747 -0.029727 -0.028435 -0.02116 -0.021238
0.03899 -0.009125 -0.02924 -0.027398 -0.021444 -0.021899
0.038668 -0.0091806 -0.02798 -0.026847 -0.021898 -0.02882
0.038353 -0.0091737 -0.026568 -0.025918 -0.021815 -0.028569
0.038081 -0.0090332 -0.024253 -0.025414 -0.020825 -0.029652
0.037866 -0.0089248 -0.021389 -0.02477 -0.0206 -0.030525
0.037626 -0.0088518 -0.018422 -0.024077 -0.02192 -0.031828
0.037373 -0.0086161 -0.015143 -0.023284 -0.02088 -0.02744
0.037231 -0.0084069 -0.011797 -0.022515 -0.017315 -0.026605
0.037078 -0.0082569 -0.0085865 -0.02187 -0.014624 -0.024123
0.036797 -0.0081331 -0.0050682 -0.021487 -0.015734 -0.0206
0.036535 -0.0079326 -0.0014332 -0.020959 -0.016093 -0.018782
0.036219 -0.0077565 0.0026144 -0.021133 -0.01669 -0.019268
0.035863 -0.0075022 0.0065346 -0.020894 -0.016534 -0.01703
0.035563 -0.0073382 0.010789 -0.020994 -0.017973 -0.017623
0.035188 -0.0070514 0.015395 -0.021352 -0.018357 -0.015332
0.034851 -0.006706 0.019883 -0.021244 -0.020229 -0.011244
0.034566 -0.006413 0.024463 -0.022009 -0.020164 -0.011408
0.034294 -0.0061561 0.029605 -0.022178 -0.021487 -0.011209
0.034083 -0.0058285 0.03487 -0.02218 -0.024236 -0.011392
0.03382 -0.0055313 0.040506 -0.021713 -0.027325 -0.0087879
0.033598 -0.0053694 0.046453 -0.021215 -0.030711 -0.010471
0.03332 -0.0051549 0.051911 -0.02048 -0.033527 -0.0077468
0.033031 -0.0049908 0.057273 -0.020243 -0.034144 -0.0089923
0.032656 -0.0048413 0.061824 -0.018976 -0.035705 -0.0083154
0.032246 -0.0046566 0.066408 -0.018118 -0.036278 -0.0074524
0.031664 -0.0044399 0.070336 -0.016987 -0.037442 -0.0047632
0.030994 -0.0042497 0.073388 -0.015701 -0.038606 -0.0026439
0.030322 -0.0040068 0.075862 -0.0142 -0.035506 -0.0014605
0.029568 -0.0037057 0.077713 -0.012456 -0.032742 0.0037112
0.028824 -0.0034513 0.080525 -0.0099795 -0.030929 0.0076837
0.027966 -0.0032474 0.082221 -0.0078361 -0.030026 0.010226
0.027085 -0.0029245 0.08335 -0.0058711 -0.026149 0.015511
0.026146 -0.0026763 0.08437 -0.0030797 -0.024501 0.020483
0.025255 -0.0024004 0.085021 -0.0012676 -0.021682 0.02483
0.024385 -0.0021808 0.085264 0.00080143 -0.018008 0.027062
0.023457 -0.0019325 0.08536 0.0028553 -0.015242 0.031094
0.022518 -0.0016758 0.084797 0.0051032 -0.010987 0.035239
0.021374 -0.0014805 0.082682 0.0064096 -0.0075576 0.039493
0.020251 -0.0013372 0.080609 0.0082127 -0.0047341 0.039472
0.018929 -0.0012702 0.077329 0.0093212 -0.0071485 0.038365
0.017591 -0.0012011 0.073396 0.010617 -0.0080295 0.037393
0.016416 -0.0012022 0.07003 0.011117 -0.010323 0.037777
0.015179 -0.0011721 0.065786 0.011435 -0.011942 0.035409
0.013824 -0.0010899 0.060459 0.011966 -0.012761 0.030508
0.012488 -0.0010264 0.054421 0.011318 -0.012444 0.026735
0.011166 -0.00098146 0.048597 0.010739 -0.012925 0.022875
0.0097799 -0.0010062 0.042328 0.010441 -0.014957 0.018292
0.0085026 -0.001076 0.036872 0.0099853 -0.019733 0.013125
0.0073218 -0.0010638 0.031188 0.0089837 -0.020844 0.0086412
0.0062786 -0.00096372 0.025727 0.0079928 -0.018182 0.0056114
0.0053474 -0.00089481 0.020678 0.0069967 -0.01492 0.0051868
0.0044734 -0.00080354 0.015596 0.0060721 -0.011975 0.0023933
0.0037232 -0.00064613 0.011604 0.0047229 -0.0091627 -0.0021016
0.0031494 -0.00065062 0.0085448 0.0042501 -0.0081364 -0.0017658
0.0026906 -0.00057498 0.0059102 0.0035528 -0.0057926 -0.0030366
0.002319 -0.00047291 0.0041529 0.0027007 -0.00345 -0.0037373
0.0020254 -0.00041914 0.0026977 0.0023318 -0.0020668 -0.0043293
0.0017825 -0.00036649 0.0015647 0.0020499 -0.00073775 -0.0046662
0.0016033 -0.00033348 0.00096682 0.0019224 -0.00026096 -0.0048347
0.0014876 -0.00030256 0.00055574 0.0014196 -4.5611e-05 -0.0052853
0.0013448 -0.000242 0.00051312 0.0010503 0.00048409 -0.0051389
0.0012294 -0.00022861 0.00045046 0.0010772 0.00010861 -0.005139
0.001141 -0.00024486 1.9339e-05 0.00097067 -0.00058124 -0.005736
0.0010632 -0.00021409 6.5695e-05 0.0010171 -0.00021273 -0.0053941
0.00099822 -0.0001843 -2.328e-05 0.00060132 -5.1533e-05 -0.0055896
0.00093475 -0.0001822 -0.00021006 0.00097658 0.00020991 -0.0053074
0.00088277 -0.00017091 -8.5939e-05 0.00062823 -0.00042702 -0.0055896
0.00085696 -0.00015143 -0.0001637 0.001023 0.00057841 -0.0049656
0.00075428 -0.00013902 -0.00036169 0.0005877 -4.3722e-06 -0.0055029
0.0007415 -0.00013804 -0.00022636 0.0010499 0.00020293 -0.0049656
0.00071416 -9.0866e-05 -0.00020632 0.00065367 0.0011081 -0.0048192
0.0006765 -0.00010825 -0.00031533 0.00063414 0.00036413 -0.0051611
0.00061174 -9.5979e-05 -5.5884e-05 0.00074802 -6.5501e-05 -0.004906
0.00059871 -7.7475e-05 -0.00026898 0.00068058 0.00073263 -0.0048193
0.00059871 -7.7475e-05 -0.00026898 0.00068058 0.00073263 -0.0048193
0.00052092 -4.6706e-05 -0.00022262 0.00072702 0.0011011 -0.0044774
0.00048325 -6.4085e-05 -0.00033164 0.00070749 0.00035715 -0.0048193
0.00048325 -6.4085e-05 -0.00033164 0.00070749 0.00035715 -0.0048193
0.00048325 -6.4085e-05 -0.00033164 0.00070749 0.00035715 -0.0048193
0.00040547 -3.3315e-05 -0.00028528 0.00075393 0.00072565 -0.0044775
0.0003678 -5.0694e-05 -0.0003943 0.0007344 -1.834e-05 -0.0048193
0.0003678 -5.0694e-05 -0.0003943 0.0007344 -1.834e-05 -0.0048193
0.00039145 -9.8176e-05 -0.00041398 0.00062266 -0.00010924 -0.0028112
0.00037714 -6.9508e-05 -0.00018085 0.00029385 -2.1861e-06 -0.0027515
0.00031367 -6.7406e-05 -0.00036762 0.00066911 0.00025926 -0.0024693
0.00031367 -6.7406e-05 -0.00036762 0.00066911 0.00025926 -0.0024693
0.00031367 -6.7406e-05 -0.00036762 0.00066911 0.00025926 -0.0024693
0.00031367 -6.7406e-05 -0.00036762 0.00066911 0.00025926 -0.0024693
0.00026169 -5.6117e-05 -0.0002435 0.00032076 -0.00037767 -0.0027515
0.00026169 -5.6117e-05 -0.0002435 0.00032076 -0.00037767 -0.0027515
0.00023588 -3.6636e-05 -0.00032127 0.00071555 0.00062776 -0.0021275
0.00019821 -5.4015e-05 -0.00043028 0.00069602 -0.00011623 -0.0024694
0.0001839 -2.5347e-05 -0.00019715 0.0003672 -9.17e-06 -0.0024097
0.0001839 -2.5347e-05 -0.00019715 0.0003672 -9.17e-06 -0.0024097
0.0001839 -2.5347e-05 -0.00019715 0.0003672 -9.17e-06 -0.0024097
0.00017087 -6.8437e-06 -0.00041024 0.00029976 0.00078896 -0.0023229
0.00017087 -6.8437e-06 -0.00041024 0.00029976 0.00078896 -0.0023229
0.00014255 -4.3037e-05 -0.00030581 -0.00016033 6.1129e-05 -0.00059695
0.00011889 4.4453e-06 -0.00028612 -4.859e-05 0.00015203 -0.0026051
0.00010611 5.423e-06 -0.00015079 0.00041364 0.00035933 -0.0020678
6.8443e-05 -1.1956e-05 -0.00025981 0.00039411 -0.00038466 -0.0024097
5.4131e-05 1.6712e-05 -2.6672e-05 6.5294e-05 -0.0002776 -0.00235
3.3312e-05 6.2802e-05 -6.3654e-05 6.9673e-05 -0.00044154 -0.00020887
7.7787e-05 -3.077e-05 -4.6357e-05 -4.6443e-05 -0.0003685 -0.00034184
7.7787e-05 -3.077e-05 -4.6357e-05 -4.6443e-05 -0.0003685 -0.00034184
5.4131e-05 1.6712e-05 -2.6672e-05 6.5294e-05 -0.0002776 -0.00235
4.1103e-05 3.5215e-05 -0.00023977 -2.1478e-06 0.00052053 -0.0022633
3.4354e-06 1.7836e-05 -0.00034878 -2.1681e-05 -0.00022345 -0.0026052
3.4354e-06 1.7836e-05 -0.00034878 -2.1681e-05 -0.00022345 -0.0026052
-9.344e-06 1.8814e-05 -0.00021345 0.00044055 -1.6154e-05 -0.0020679
-9.344e-06 1.8814e-05 -0.00021345 0.00044055 -1.6154e-05 -0.0020679
-2.3657e-05 4.7482e-05 1.9684e-05 0.00011174 9.0903e-05 -0.0020082
-2.3657e-05 4.7482e-05 1.9684e-05 0.00011174 9.0903e-05 -0.0020082
-0 -0 0 0 0 -0
-0 -0 0 0 0 -0
-0 -0 0 0 0 -0
-0 -0 0 0 0 -0
-0 -0 0 0 0 -0
-0.0022856 0.08069 -0.0067167 0.012944 -0.018031 0.013532
-0.0019131 0.08075 -0.0045196 0.011864 -0.013892 0.028941
-0.0017764 0.080276 -0.0040285 0.011857 -0.011555 0.025535
-0.0014291 0.079656 -0.0032907 0.011691 -0.009844 0.023831
-0.001002 0.078817 -0.0025454 0.011661 -0.0088483 0.023954
-0.00039225 0.077627 -0.0016956 0.010789 -0.0066414 0.021478
0.00026861 0.076207 -0.0010307 0.0091766 -0.0050676 0.01794
0.0011811 0.074739 -9.2348e-05 0.0079944 -0.0025393 0.012718
0.0022958 0.072977 0.00096938 0.0055969 -0.0022475 0.0099084
0.0035828 0.071087 0.001948 0.0042571 -0.0025334 0.0094113
0.0048957 0.069132 0.0032362 0.0025769 -0.0023668 0.0046999
0.0062895 0.066965 0.0041278 0.0011962 0.0025379 0.0014324
0.0077802 0.06442 0.0049847 -0.0012253 0.0058044 0.0052888
0.0091783 0.062009 0.006104 -0.0027546 0.0098852 -0.0004538
0.010589 0.05921 0.0075398 -0.0048627 0.014067 0.002347
0.012108 0.056347 0.0085549 -0.0066291 0.01884 -0.0015286
0.013542 0.05346 0.009877 -0.0075469 0.024372 -0.0019481
0.014849 0.050517 0.010943 -0.0094543 0.027524 0.00037654
0.016377 0.047517 0.011777 -0.0097874 0.03264 -0.00042488
0.017834 0.044464 0.013053 -0.010855 0.037727 -0.0034312
0.019369 0.041423 0.014444 -0.01188 0.041376 -0.0047751
0.020801 0.038518 0.015783 -0.011802 0.045407 -0.0094433
0.022309 0.035745 0.016475 -0.011919 0.049678 -0.0082588
0.023788 0.03297 0.01743 -0.012397 0.054267 -0.0069144
0.025129 0.030393 0.018087 -0.012125 0.056095 -0.0082907
0.026567 0.028029 0.018722 -0.011049 0.056897 -0.013983
0.02794 0.02556 0.019473 -0.011123 0.058007 -0.01142
0.029205 0.02314 0.020253 -0.010652 0.060768 -0.012029
0.03047 0.021002 0.02094 -0.010974 0.062699 -0.020054
0.031595 0.018702 0.021489 -0.010806 0.064699 -0.021119
0.032791 0.016742 0.022296 -0.010941 0.063294 -0.021255
0.033818 0.015215 0.021983 -0.01118 0.061706 -0.026538
0.034944 0.013646 0.021041 -0.010649 0.058604 -0.036981
0.03606 0.012362 0.020043 -0.01041 0.054024 -0.03719
0.037272 0.011208 0.018701 -0.0095418 0.05055 -0.045724
0.038308 0.010225 0.016834 -0.0091603 0.046778 -0.048297
0.039457 0.0091755 0.01488 -0.0083994 0.043718 -0.054988
0.040452 0.0082593 0.012421 -0.0086104 0.043343 -0.059326
0.041429 0.0071807 0.0098166 -0.0089581 0.043873 -0.050445
0.042411 0.0058993 0.0071458 -0.01011 0.044765 -0.03773
0.043156 0.0047159 0.0046761 -0.011029 0.044929 -0.024556
0.043992 0.0034671 0.0018652 -0.012267 0.047265 -0.0090629
0.044743 0.0021878 -0.00025403 -0.013291 0.049835 0.0052293
0.045349 0.00093645 -0.002908 -0.014822 0.051775 0.018681
0.045751 -0.000292 -0.0055472 -0.015814 0.050986 0.033988
0.046025 -0.0014976 -0.0084634 -0.017123 0.04894 0.04418
0.046109 -0.0023974 -0.010738 -0.017196 0.045969 0.047085
0.046165 -0.0032184 -0.013229 -0.017192 0.045857 0.044429
0.046155 -0.003939 -0.015142 -0.017401 0.043972 0.048181
0.046178 -0.0048454 -0.017673 -0.017971 0.042187 0.048866
0.046034 -0.0055887 -0.020457 -0.018576 0.041249 0.056484
0.04592 -0.0063403 -0.022659 -0.017921 0.040238 0.054479
0.045568 -0.0068898 -0.024641 -0.018054 0.036278 0.049261
0.045315 -0.0073645 -0.026056 -0.017956 0.033886 0.042996
0.044912 -0.0077564 -0.027332 -0.017653 0.030288 0.036795
0.044545 -0.0081414 -0.028946 -0.017578 0.028938 0.033118
0.04404 -0.0084505 -0.030549 -0.01726 0.025405 0.026835
0.043582 -0.0086393 -0.03209 -0.016731 0.024375 0.015104
0.043046 -0.0088779 -0.033105 -0.016087 0.020365 0.0072837
0.04258 -0.0091196 -0.03399 -0.015417 0.015024 0.0011756
0.042133 -0.0093479 -0.034568 -0.014166 0.010933 -0.0081818
0.041669 -0.0094845 -0.035092 -0.013413 0.0081967 -0.010702
0.041327 -0.0095875 -0.034231 -0.01266 0.006637 -0.013875
0.041101 -0.0096211 -0.033391 -0.011871 0.0070902 -0.018626
0.040891 -0.0096144 -0.031794 -0.011001 0.0084821 -0.015725
0.04068 -0.0095818 -0.029641 -0.01018 0.0075424 -0.017596
0.040527 -0.0095015 -0.027477 -0.009395 0.0089286 -0.018678
0.04035 -0.0093577 -0.024853 -0.0092602 0.010485 -0.019662
0.040134 -0.0091335 -0.021961 -0.0085807 0.011082 -0.015931
0.039842 -0.0090498 -0.018869 -0.0082369 0.009129 -0.017514
0.039482 -0.0089125 -0.016143 -0.0079688 0.0070217 -0.017233
0.039096 -0.0087922 -0.013263 -0.0077659 0.0060596 -0.014201
0.038665 -0.0086371 -0.010614 -0.0079267 0.0041974 -0.014075
0.038226 -0.0084883 -0.0071126 -0.0082199 0.0021224 -0.01552
0.0378 -0.0083758 -0.0038949 -0.0082986 -0.00027037 -0.012855
0.037401 -0.0081508 -8.219e-05 -0.0088677 -0.0017063 -0.013999
0.036992 -0.0078593 0.0040713 -0.0092805 -0.0051458 -0.011072
0.036677 -0.0075877 0.0084884 -0.0091605 -0.0076858 -0.011727
0.036316 -0.0072357 0.012833 -0.0098201 -0.011402 -0.011141
0.036025 -0.006918 0.017592 -0.010009 -0.013091 -0.011395
0.035768 -0.0066033 0.022812 -0.01016 -0.013795 -0.0086931
0.03551 -0.0063784 0.0289 -0.010087 -0.015361 -0.0075881
0.035266 -0.0061539 0.034852 -0.010476 -0.017138 -0.0070225
0.03493 -0.0059694 0.040728 -0.010449 -0.020152 -0.0065825
0.03466 -0.0057261 0.046603 -0.010444 -0.02092 -0.0053908
0.034324 -0.0054964 0.051851 -0.0098079 -0.020695 -0.0038712
0.03395 -0.0052739 0.057436 -0.0094531 -0.021906 -0.0027204
0.033539 -0.0049897 0.062375 -0.0092937 -0.020766 -0.0013303
0.033132 -0.0048067 0.067747 -0.0081612 -0.02266 -6.2605e-05
0.032389 -0.0044262 0.070547 -0.0081857 -0.018728 0.00303
0.031567 -0.0041512 0.073337 -0.0073302 -0.018603 0.0053636
0.030725 -0.0039454 0.07606 -0.006505 -0.019019 0.005233
0.029856 -0.003676 0.078477 -0.0053422 -0.019869 0.009325
0.028857 -0.0034129 0.080074 -0.0036754 -0.018691 0.016163
0.027802 -0.0030227 0.080696 -0.002114 -0.015296 0.018627
0.026784 -0.0027878 0.081602 -0.00015971 -0.015193 0.022458
0.025788 -0.0025069 0.08285 0.0014853 -0.014239 0.026691
0.024853 -0.0023409 0.083088 0.0030748 -0.012036 0.030307
0.023962 -0.0019816 0.083655 0.0049506 -0.0075844 0.033074
0.022918 -0.001723 0.082448 0.0065165 -0.0024066 0.038864
0.021757 -0.0014976 0.080623 0.0076015 0.001385 0.039028
0.020506 -0.0014197 0.077915 0.0092718 -8.8147e-05 0.039076
0.019192 -0.0013221 0.074673 0.010788 -0.00070897 0.038956
0.017877 -0.0012069 0.071082 0.011774 -0.00073895 0.038385
0.016564 -0.0012291 0.066969 0.012582 -0.0044377 0.035784
0.015244 -0.0011474 0.062099 0.013154 -0.0042883 0.03383
0.013845 -0.0010818 0.055875 0.012882 -0.00371 0.030339
0.012458 -0.0010246 0.05031 0.012416 -0.0046208 0.026734
0.011081 -0.00097457 0.044616 0.011481 -0.0056949 0.022612
0.0097127 -0.00099507 0.038994 0.011004 -0.0093045 0.017874
0.0083801 -0.0010598 0.033669 0.010192 -0.014674 0.012446
0.0071828 -0.0010471 0.02812 0.0091449 -0.014763 0.010654
0.0060843 -0.00094192 0.02279 0.0077987 -0.012693 0.0073627
0.0051445 -0.00082759 0.018413 0.0067274 -0.010874 0.0047953
0.0043169 -0.00073293 0.014105 0.0056221 -0.0086346 0.0022488
0.0036064 -0.00063585 0.010301 0.0042349 -0.0067509 -0.00034357
0.0029916 -0.00056985 0.0075001 0.0035387 -0.0054869 -0.0019374
0.0025632 -0.00053572 0.0048398 0.003244 -0.004088 -0.0033734
0.0022189 -0.00048083 0.0030625 0.0027881 -0.0026507 -0.0042206
0.0019487 -0.00038101 0.0019495 0.00211 -0.00041641 -0.004411
0.0017188 -0.00034687 0.0010295 0.0018955 0.00011453 -0.0048346
0.0015654 -0.00033333 0.00050938 0.0013732 -0.00041411 -0.0056271
0.0014513 -0.0003301 4.9714e-07 0.0016615 -9.8523e-05 -0.0056001
0.0013735 -0.00029933 4.6854e-05 0.0017079 0.00026998 -0.0052583
0.001245 -0.00026744 -0.0002289 0.0016674 0.00069263 -0.0051716
0.00118 -0.00023765 -0.00031787 0.0012516 0.00085383 -0.0053671
0.0010775 -0.00024276 -0.00016744 0.0013459 -0.00031979 -0.0054538
0.0010268 -0.00024164 -0.00048955 0.0012589 -0.00026565 -0.005709
0.00094906 -0.00021087 -0.00044319 0.0013054 0.00010286 -0.0053671
0.00088405 -0.00018107 -0.00053217 0.0008896 0.00026406 -0.0055626
0.00083361 -0.00019748 -0.00050585 0.0013323 -0.00027263 -0.0053672
0.0007686 -0.00016768 -0.00059482 0.00091651 -0.00011143 -0.0055626
0.00075582 -0.00016671 -0.00045949 0.0013787 9.5872e-05 -0.0050253
0.00072848 -0.00011953 -0.00043945 0.00098249 0.0010011 -0.0048789
0.00069081 -0.00013691 -0.00054847 0.00096295 0.00025707 -0.0052208
0.00061302 -0.00010614 -0.00050211 0.0010094 0.00062558 -0.004879
0.00063668 -0.00015363 -0.0005218 0.00089766 0.00053467 -0.0028708
0.00059871 -7.7475e-05 -0.00026898 0.00068058 0.00073263 -0.0048193
0.00053523 -7.5374e-05 -0.00045575 0.0010558 0.00099408 -0.0045371
0.00049757 -9.2753e-05 -0.00056477 0.0010363 0.00025009 -0.004879
0.00048325 -6.4085e-05 -0.00033164 0.00070749 0.00035715 -0.0048193
0.00044559 -8.1464e-05 -0.00044065 0.00068796 -0.00038684 -0.0051612
0.00043256 -6.296e-05 -0.00065375 0.00062052 0.00041129 -0.0050745
0.0003678 -5.0694e-05 -0.0003943 0.0007344 -1.834e-05 -0.0048193
0.00039145 -9.8176e-05 -0.00041398 0.00062266 -0.00010924 -0.0028112
0.00039145 -9.8176e-05 -0.00041398 0.00062266 -0.00010924 -0.0028112
0.00036411 -5.1004e-05 -0.00039394 0.00022641 0.00079595 -0.0026647
0.00036565 -7.8695e-05 -0.00049174 0.0010175 0.00089619 -0.0021871
0.00031367 -6.7406e-05 -0.00036762 0.00066911 0.00025926 -0.0024693
0.00031367 -6.7406e-05 -0.00036762 0.00066911 0.00025926 -0.0024693
0.00031367 -6.7406e-05 -0.00036762 0.00066911 0.00025926 -0.0024693
0.0002757 8.7441e-06 -0.0001148 0.00045203 0.00045722 -0.0044178
0.00026169 -5.6117e-05 -0.0002435 0.00032076 -0.00037767 -0.0027515
0.00023588 -3.6636e-05 -0.00032127 0.00071555 0.00062776 -0.0021275
0.0001839 -2.5347e-05 -0.00019715 0.0003672 -9.17e-06 -0.0024097
0.0001839 -2.5347e-05 -0.00019715 0.0003672 -9.17e-06 -0.0024097
0.0001839 -2.5347e-05 -0.00019715 0.0003672 -9.17e-06 -0.0024097
0.0001839 -2.5347e-05 -0.00019715 0.0003672 -9.17e-06 -0.0024097
0.00017087 -6.8437e-06 -0.00041024 0.00029976 0.00078896 -0.0023229
0.00017087 -6.8437e-06 -0.00041024 0.00029976 0.00078896 -0.0023229
0.0001332 -2.4223e-05 -0.00051926 0.00028022 4.4975e-05 -0.0026648
0.00014255 -4.3037e-05 -0.00030581 -0.00016033 6.1129e-05 -0.00059695
0.00010611 5.423e-06 -0.00015079 0.00041364 0.00035933 -0.0020678
0.00010611 5.423e-06 -0.00015079 0.00041364 0.00035933 -0.0020678
6.8443e-05 -1.1956e-05 -0.00025981 0.00039411 -0.00038466 -0.0024097
3.3312e-05 6.2802e-05 -6.3654e-05 6.9673e-05 -0.00044154 -0.00020887
7.7787e-05 -3.077e-05 -4.6357e-05 -4.6443e-05 -0.0003685 -0.00034184
5.4131e-05 1.6712e-05 -2.6672e-05 6.5294e-05 -0.0002776 -0.00235
4.1103e-05 3.5215e-05 -0.00023977 -2.1478e-06 0.00052053 -0.0022633
3.4354e-06 1.7836e-05 -0.00034878 -2.1681e-05 -0.00022345 -0.0026052
3.4354e-06 1.7836e-05 -0.00034878 -2.1681e-05 -0.00022345 -0.0026052
3.4354e-06 1.7836e-05 -0.00034878 -2.1681e-05 -0.00022345 -0.0026052
3.4354e-06 1.7836e-05 -0.00034878 -2.1681e-05 -0.00022345 -0.0026052
-9.344e-06 1.8814e-05 -0.00021345 0.00044055 -1.6154e-05 -0.0020679
-9.344e-06 1.8814e-05 -0.00021345 0.00044055 -1.6154e-05 -0.0020679
-9.344e-06 1.8814e-05 -0.00021345 0.00044055 -1.6154e-05 -0.0020679
-2.3657e-05 4.7482e-05 1.9684e-05 0.00011174 9.0903e-05 -0.0020082
-2.3657e-05 4.7482e-05 1.9684e-05 0.00011174 9.0903e-05 -0.0020082
-0 -0 0 0 0 -0
-0 -0 0 0 0 -0
-0 -0 0 0 0 -0
-0.0022856 0.08069 -0.0067167 0.012944 -0.018031 0.013532
-0.0021341 0.080707 -0.0049253 0.012086 -0.016968 0.016945
-0.0019099 0.080102 -0.0045627 0.012665 -0.01687 0.019365
-0.0015073 0.079476 -0.0039554 0.012855 -0.014566 0.017922
-0.00097369 0.078581 -0.0036281 0.012648 -0.014276 0.017095
-0.0002694 0.077577 -0.0028983 0.012864 -0.01218 0.012936
0.00053726 0.076085 -0.0022468 0.012028 -0.010073 0.007684
0.0015672 0.074438 -0.001535 0.010458 -0.0090134 0.0077633
0.0027545 0.072532 -0.00086077 0.0094907 -0.0077156 0.0036131
0.004094 0.070786 0.00022425 0.0084759 -0.0074593 -0.0029586
0.0055022 0.068907 0.0009215 0.007869 -0.006701 -0.0029999
0.0070276 0.066853 0.0018251 0.0066426 -0.0039437 -0.0049413
0.0085692 0.064536 0.0027819 0.0059807 -0.00017811 -0.0083617
0.010114 0.061918 0.0037044 0.0048539 0.0034059 -0.007923
0.011703 0.059195 0.0054335 0.0038927 0.0078694 -0.010777
0.013238 0.056406 0.0065876 0.0030256 0.012281 -0.0096748
0.014781 0.053539 0.0078114 0.0026258 0.016272 -0.01276
0.016366 0.050537 0.0088996 0.0020052 0.019334 -0.014391
0.017985 0.047489 0.0098999 0.0016931 0.023284 -0.015621
0.019503 0.044661 0.011152 0.0019034 0.026613 -0.02284
0.021072 0.041701 0.01216 0.0024595 0.029396 -0.017245
0.022658 0.038781 0.013223 0.0025145 0.033553 -0.026749
0.024185 0.035774 0.014851 0.0024498 0.037388 -0.027127
0.025668 0.032856 0.016011 0.0022609 0.042615 -0.025209
0.02711 0.030211 0.017438 0.0025461 0.047459 -0.024908
0.02855 0.027665 0.018443 0.0023457 0.052479 -0.023035
0.03001 0.02514 0.01936 0.0025886 0.058332 -0.022838
0.031245 0.022759 0.020157 0.0026732 0.064109 -0.026874
0.032415 0.020436 0.020527 0.002073 0.070251 -0.022759
0.033535 0.018337 0.021067 0.0011645 0.074393 -0.025874
0.034605 0.016293 0.021901 0.00048727 0.073949 -0.025828
0.03571 0.014541 0.021981 3.5129e-05 0.074924 -0.032304
0.036949 0.012977 0.021881 -0.0004199 0.074916 -0.030716
0.03811 0.011718 0.021354 -0.00047647 0.07632 -0.037246
0.039404 0.010667 0.019966 -0.0005967 0.076403 -0.040871
0.040589 0.0098202 0.018789 -0.00082676 0.07653 -0.044129
0.041783 0.0088429 0.017413 -0.00089966 0.07684 -0.04526
0.042863 0.0079296 0.015341 -0.0011247 0.076983 -0.044812
0.043895 0.0066954 0.012816 -0.0016287 0.075804 -0.034556
0.044927 0.0055988 0.010483 -0.00098057 0.076568 -0.029123
0.04567 0.0047362 0.0069209 -0.0009552 0.078944 -0.019738
0.04662 0.0034432 0.0033006 -0.0012197 0.080241 -0.0027121
0.047425 0.0020706 -9.3877e-05 -0.0019801 0.0817 0.016628
0.047952 0.0009621 -0.0033887 -0.0020991 0.081509 0.02763
0.048349 -0.00018562 -0.006771 -0.0020973 0.080552 0.031968
0.048685 -0.001314 -0.0099591 -0.0025872 0.079662 0.042835
0.048928 -0.0023784 -0.013251 -0.0027266 0.079786 0.058768
0.049083 -0.0035014 -0.0163 -0.0034536 0.078285 0.065273
0.049103 -0.0044364 -0.018927 -0.003741 0.077418 0.068591
0.04904 -0.0052974 -0.020845 -0.0043272 0.07375 0.064883
0.048834 -0.0060118 -0.02326 -0.0040985 0.069923 0.065855
0.048547 -0.0065911 -0.025153 -0.0038154 0.065801 0.060833
0.048304 -0.0072535 -0.027428 -0.0042917 0.062128 0.059396
0.048031 -0.0079101 -0.028979 -0.0041119 0.058223 0.059027
0.047663 -0.0083592 -0.0308 -0.0040149 0.055272 0.050175
0.047241 -0.0087375 -0.032227 -0.0036796 0.05277 0.039933
0.04681 -0.0090728 -0.033425 -0.0036755 0.048217 0.0333
0.046296 -0.0093635 -0.034396 -0.0025348 0.0436 0.021204
0.045858 -0.0096001 -0.03516 -0.0023671 0.039902 0.017632
0.045346 -0.0097979 -0.035827 -0.0015306 0.035968 0.0080773
0.044922 -0.010056 -0.036773 -0.00092046 0.032377 0.00027751
0.044424 -0.010179 -0.037301 0.00030804 0.028892 -0.0021474
0.043977 -0.010321 -0.037568 0.0012484 0.025528 -0.0089433
0.043557 -0.010475 -0.037364 0.0022168 0.023216 -0.012752
0.043132 -0.010502 -0.036629 0.0030657 0.020843 -0.016132
0.042756 -0.010558 -0.035669 0.0042854 0.019327 -0.016627
0.042433 -0.010489 -0.033934 0.0046097 0.018559 -0.01897
0.04209 -0.010404 -0.031164 0.0048665 0.016659 -0.020809
0.041771 -0.010285 -0.028098 0.0052021 0.014622 -0.020213
0.0415 -0.010161 -0.024658 0.0052304 0.013559 -0.021376
0.041242 -0.0099797 -0.02114 0.0052756 0.013121 -0.020036
0.040994 -0.0098267 -0.017856 0.0051423 0.013385 -0.016602
0.040678 -0.0096401 -0.014207 0.0043248 0.013164 -0.01337
0.040273 -0.0094801 -0.010591 0.0040442 0.011877 -0.014453
0.039918 -0.0093106 -0.0062066 0.0035899 0.0098405 -0.015309
0.039473 -0.0090319 -0.001778 0.0028022 0.0067994 -0.012184
0.039015 -0.0088505 0.0024089 0.0019119 0.0041846 -0.013576
0.038532 -0.0085937 0.0071219 0.001247 0.00079395 -0.012377
0.038053 -0.0082549 0.011683 -0.00023673 -0.0021505 -0.011688
0.037619 -0.0079902 0.016378 -0.0008461 -0.0057569 -0.01281
0.037191 -0.0076028 0.021484 -0.0012654 -0.0086764 -0.01095
0.036781 -0.0072514 0.026296 -0.0017375 -0.01366 -0.010213
0.036306 -0.0070149 0.031282 -0.002231 -0.017572 -0.01324
0.035845 -0.0067747 0.036527 -0.0027669 -0.019616 -0.013185
0.035359 -0.0065259 0.041249 -0.0026473 -0.01996 -0.012476
0.034837 -0.0062734 0.045908 -0.0029439 -0.022178 -0.010574
0.034337 -0.0060846 0.050953 -0.0027152 -0.024822 -0.010362
0.033695 -0.0057398 0.055091 -0.0022978 -0.025182 -0.0053463
0.033107 -0.0054333 0.058987 -0.0020053 -0.02287 -0.0040955
0.032308 -0.0051071 0.061725 -0.0016007 -0.022293 0.0002214
0.031491 -0.0048479 0.063996 -0.001353 -0.020576 6.8778e-05
0.030662 -0.0045555 0.066516 -0.0001644 -0.020722 0.0044838
0.029793 -0.004396 0.068898 0.00046213 -0.021175 0.0061062
0.028786 -0.0040132 0.069848 0.0021036 -0.017789 0.0088461
0.02775 -0.0036666 0.070904 0.0032849 -0.015132 0.013312
0.026733 -0.0034153 0.072249 0.0049848 -0.015764 0.017095
0.025797 -0.0033193 0.074258 0.006764 -0.018673 0.020506
0.024739 -0.0030114 0.074177 0.0079863 -0.015585 0.024147
0.023757 -0.0026687 0.074313 0.0092477 -0.011008 0.028472
0.022635 -0.0022785 0.07272 0.010394 -0.003238 0.032573
0.021432 -0.0020666 0.071237 0.011191 -0.00083735 0.032389
0.02019 -0.0018319 0.06981 0.012055 -0.0002311 0.033876
0.018795 -0.0016657 0.067158 0.012564 -0.0012747 0.033593
0.017539 -0.0015663 0.064555 0.013437 -0.0028039 0.033185
0.016189 -0.0014346 0.060946 0.013619 -0.0037223 0.031773
0.014809 -0.0013481 0.056207 0.013328 -0.0033514 0.031712
0.013355 -0.0012015 0.050824 0.013033 -0.0030147 0.026804
0.012047 -0.0011033 0.045471 0.012613 -0.0024817 0.023862
0.010645 -0.0010891 0.039881 0.011725 -0.0050979 0.019312
0.0093504 -0.0011541 0.035013 0.011463 -0.010314 0.014676
0.0080185 -0.0011295 0.029598 0.010215 -0.01328 0.0098022
0.0068446 -0.0010707 0.024392 0.008858 -0.012518 0.0084117
0.0057387 -0.00093026 0.019288 0.0076979 -0.011199 0.0030047
0.0048193 -0.0008697 0.014897 0.0065079 -0.0094268 0.0024663
0.0040323 -0.00075201 0.010693 0.0054285 -0.0064836 0.00024289
0.0033289 -0.00068473 0.0071128 0.0040961 -0.0053185 -0.0023986
0.0027991 -0.00057236 0.0045185 0.0039596 -0.0034603 -0.0055009
0.0023728 -0.00055818 0.0025293 0.0029504 -0.0026569 -0.0048584
0.0020822 -0.00049876 0.0010684 0.0025877 -0.0013134 -0.0054692
0.0018653 -0.00048312 0.00036149 0.0024407 -0.0015806 -0.0059796
0.0016861 -0.0004501 -0.00023638 0.0023132 -0.0011038 -0.006148
0.0015577 -0.00041821 -0.00051213 0.0022726 -0.00068114 -0.0060613
0.0014279 -0.00037615 -0.00034165 0.0019707 -0.00094957 -0.0060017
0.0013499 -0.00032786 -0.00064372 0.0014875 9.7671e-06 -0.0061104
0.0012344 -0.00031446 -0.00070638 0.0015144 -0.00036572 -0.0061105
0.0011566 -0.0002837 -0.00066002 0.0015609 2.7832e-06 -0.0057686
0.0010539 -0.00027128 -0.00085801 0.0011255 -0.00058 -0.006306
0.00099047 -0.00026918 -0.0010448 0.0015008 -0.00031856 -0.0060238
0.00093848 -0.00025789 -0.00092067 0.0011524 -0.00095549 -0.006306
0.00089837 -0.00020974 -0.0007653 0.0012184 0.000157 -0.0056223
0.00079569 -0.00019733 -0.00096329 0.00078309 -0.00042579 -0.0061596
0.00078291 -0.00019635 -0.00082796 0.0012453 -0.00021849 -0.0056223
0.00075557 -0.00014918 -0.00080792 0.00084907 0.0006867 -0.0054759
0.00070512 -0.00016558 -0.0007816 0.0012918 0.00015002 -0.0052805
0.00065314 -0.00015429 -0.00065748 0.00094342 -0.00048691 -0.0055627
0.0006258 -0.00010712 -0.00063744 0.00054716 0.00041827 -0.0054163
0.00061302 -0.00010614 -0.00050211 0.0010094 0.00062558 -0.004879
0.00057535 -0.00012352 -0.00061113 0.00098986 -0.00011841 -0.0052208
0.000534 -0.00014121 -0.00071979 0.00046234 -4.8114e-05 -0.0034081
0.00049757 -9.2753e-05 -0.00056477 0.0010363 0.00025009 -0.004879
0.00049757 -9.2753e-05 -0.00056477 0.0010363 0.00025009 -0.004879
0.00043256 -6.296e-05 -0.00065375 0.00062052 0.00041129 -0.0050745
0.00043256 -6.296e-05 -0.00065375 0.00062052 0.00041129 -0.0050745
0.00038211 -7.9362e-05 -0.00062743 0.0010632 -0.0001254 -0.004879
0.0003678 -5.0694e-05 -0.0003943 0.0007344 -1.834e-05 -0.0048193
0.0003678 -5.0694e-05 -0.0003943 0.0007344 -1.834e-05 -0.0048193
0.00037843 -7.9672e-05 -0.00062707 0.00055522 0.00068889 -0.0027244
0.00032645 -6.8383e-05 -0.00050295 0.00020687 5.1959e-05 -0.0030066
0.00031367 -6.7406e-05 -0.00036762 0.00066911 0.00025926 -0.0024693
0.00031367 -6.7406e-05 -0.00036762 0.00066911 0.00025926 -0.0024693
0.00031367 -6.7406e-05 -0.00036762 0.00066911 0.00025926 -0.0024693
0.000276 -8.4785e-05 -0.00047664 0.00064957 -0.00048473 -0.0028112
0.00024866 -3.7614e-05 -0.0004566 0.00025332 0.00042046 -0.0026648
0.00024866 -3.7614e-05 -0.0004566 0.00025332 0.00042046 -0.0026648
0.00019821 -5.4015e-05 -0.00043028 0.00069602 -0.00011623 -0.0024694
0.00019821 -5.4015e-05 -0.00043028 0.00069602 -0.00011623 -0.0024694
0.00014623 -4.2726e-05 -0.00030616 0.00034767 -0.00075316 -0.0027515
0.0001839 -2.5347e-05 -0.00019715 0.0003672 -9.17e-06 -0.0024097
0.00017087 -6.8437e-06 -0.00041024 0.00029976 0.00078896 -0.0023229
0.0001332 -2.4223e-05 -0.00051926 0.00028022 4.4975e-05 -0.0026648
0.0001332 -2.4223e-05 -0.00051926 0.00028022 4.4975e-05 -0.0026648
8.1223e-05 -1.2934e-05 -0.00039514 -6.8124e-05 -0.00059196 -0.002947
0.00010611 5.423e-06 -0.00015079 0.00041364 0.00035933 -0.0020678
6.8443e-05 -1.1956e-05 -0.00025981 0.00039411 -0.00038466 -0.0024097
5.4131e-05 1.6712e-05 -2.6672e-05 6.5294e-05 -0.0002776 -0.00235
5.6968e-05 1.5321e-05 -8.3338e-05 -4.2063e-05 -0.00053244 0.0017993
5.4131e-05 1.6712e-05 -2.6672e-05 6.5294e-05 -0.0002776 -0.00235
7.7787e-05 -3.077e-05 -4.6357e-05 -4.6443e-05 -0.0003685 -0.00034184
3.4354e-06 1.7836e-05 -0.00034878 -2.1681e-05 -0.00022345 -0.0026052
4.1103e-05 3.5215e-05 -0.00023977 -2.1478e-06 0.00052053 -0.0022633
1.2779e-05 -9.7775e-07 -0.00013533 -0.00046223 -0.0002073 -0.0005373
2.7092e-05 -2.9646e-05 -0.00036847 -0.00013342 -0.00031436 -0.00059699
3.4354e-06 1.7836e-05 -0.00034878 -2.1681e-05 -0.00022345 -0.0026052
-9.344e-06 1.8814e-05 -0.00021345 0.00044055 -1.6154e-05 -0.0020679
-9.344e-06 1.8814e-05 -0.00021345 0.00044055 -1.6154e-05 -0.0020679
-9.344e-06 1.8814e-05 -0.00021345 0.00044055 -1.6154e-05 -0.0020679
-2.3657e-05 4.7482e-05 1.9684e-05 0.00011174 9.0903e-05 -0.0020082
-0 -0 0 0 0 -0
-0 -0 0 0 0 -0
-0 -0 0 0 0 -0
-0 -0 0 0 0 -0
-0.0022856 0.08069 -0.0067167 0.012944 -0.018031 0.013532
-0.0023984 0.080592 -0.0068118 0.01294 -0.018805 0.0089158
-0.0020604 0.07997 -0.0063834 0.013488 -0.01831 0.011346
-0.0016112 0.079167 -0.0060729 0.013876 -0.016682 0.007198
-0.0010109 0.078282 -0.0058911 0.014549 -0.016715 0.00443
-0.00021414 0.077192 -0.0059392 0.014917 -0.016299 -0.0011382
0.00060367 0.075911 -0.0058021 0.014448 -0.013707 0.00018461
0.0016216 0.074179 -0.0052664 0.013652 -0.013172 -0.0017625
0.0028203 0.072435 -0.0048044 0.014206 -0.013332 -0.0077741
0.0041804 0.070542 -0.0040946 0.01327 -0.014065 -0.01071
0.0056904 0.068732 -0.0032838 0.012368 -0.014075 -0.011274
0.0073149 0.066902 -0.0027429 0.012422 -0.01332 -0.022262
0.0089779 0.064645 -0.0022455 0.012263 -0.01353 -0.027428
0.010669 0.062127 -0.0010556 0.011488 -0.01061 -0.033512
0.012266 0.059484 -0.00024263 0.011709 -0.0079121 -0.03705
0.013861 0.056695 0.00077485 0.010917 -0.0067465 -0.03734
0.015541 0.05394 0.0015555 0.010943 -0.0042736 -0.039101
0.017102 0.051134 0.002076 0.011285 -0.0020359 -0.040805
0.018713 0.048026 0.0029416 0.011356 0.00022522 -0.042542
0.020264 0.045003 0.0039255 0.012012 0.0047487 -0.047173
0.021811 0.042107 0.0049948 0.012296 0.0085852 -0.045632
0.023412 0.039076 0.0066386 0.012566 0.014013 -0.045285
0.024988 0.036215 0.0075955 0.013326 0.020648 -0.049061
0.026332 0.033215 0.0089639 0.013183 0.02936 -0.054168
0.027745 0.030346 0.010609 0.014089 0.036387 -0.054632
0.029193 0.027694 0.011974 0.014787 0.042255 -0.055917
0.030688 0.025316 0.01314 0.015293 0.047601 -0.055511
0.032095 0.023175 0.014425 0.015621 0.05249 -0.050708
0.033419 0.021106 0.015578 0.016059 0.058651 -0.049697
0.034645 0.01879 0.016659 0.015685 0.062979 -0.04336
0.035854 0.016803 0.017612 0.015823 0.068497 -0.044965
0.036852 0.014895 0.018045 0.01475 0.072672 -0.050219
0.03805 0.013267 0.018079 0.014596 0.075128 -0.047327
0.03919 0.01181 0.017685 0.013275 0.0769 -0.045741
0.040247 0.01066 0.016873 0.011828 0.078828 -0.046527
0.041331 0.0095163 0.01586 0.010836 0.078608 -0.048038
0.042448 0.0085627 0.014022 0.0096677 0.077512 -0.041994
0.043486 0.0074868 0.012455 0.0088066 0.075431 -0.031407
0.044464 0.0063283 0.010766 0.0080059 0.072303 -0.027784
0.04526 0.0052643 0.008359 0.0075192 0.070361 -0.023844
0.046043 0.0042553 0.0055077 0.0074251 0.069078 -0.021945
0.046807 0.0031028 0.0022289 0.0072616 0.066674 -0.0099834
0.047499 0.001697 -0.0013754 0.0074323 0.06517 0.0066556
0.048079 0.00032859 -0.0049991 0.0072368 0.062139 0.02482
0.04858 -0.0010762 -0.0080035 0.0068931 0.059434 0.037117
0.048847 -0.0020898 -0.01123 0.0075294 0.058917 0.042438
0.049047 -0.0030807 -0.01415 0.0078895 0.058974 0.045988
0.049305 -0.0042413 -0.016703 0.0080132 0.057254 0.057651
0.049532 -0.0055675 -0.019613 0.007881 0.05309 0.070071
0.049523 -0.0064211 -0.022041 0.0085594 0.052241 0.076495
0.049446 -0.0072332 -0.024387 0.009642 0.049392 0.071694
0.049205 -0.0078357 -0.026391 0.01026 0.045991 0.066994
0.049006 -0.00845 -0.028441 0.011582 0.043179 0.067263
0.048749 -0.0090572 -0.030305 0.012656 0.040026 0.063119
0.048422 -0.0096367 -0.031799 0.013547 0.035616 0.05664
0.048051 -0.010093 -0.033593 0.014901 0.030774 0.052333
0.04768 -0.010567 -0.034601 0.016262 0.025041 0.039656
0.047237 -0.011018 -0.035672 0.017957 0.018392 0.033484
0.046825 -0.011363 -0.036986 0.019788 0.012186 0.022961
0.04643 -0.011696 -0.03805 0.021586 0.0077861 0.01549
0.046046 -0.012023 -0.039177 0.023791 0.0022772 0.0099954
0.045581 -0.012243 -0.040336 0.026099 -0.001186 0.0032839
0.045151 -0.012421 -0.040887 0.027763 -0.0056863 -0.0015581
0.044662 -0.012694 -0.040874 0.029029 -0.012189 -0.0024767
0.044241 -0.01292 -0.040084 0.030287 -0.017385 -0.011037
0.043756 -0.012908 -0.039048 0.03086 -0.021356 -0.012645
0.043266 -0.012913 -0.037608 0.031562 -0.024854 -0.015799
0.042887 -0.012761 -0.035877 0.031481 -0.024797 -0.015815
0.042494 -0.012675 -0.033429 0.031651 -0.026642 -0.017908
0.042094 -0.012595 -0.030976 0.031307 -0.027633 -0.017829
0.041631 -0.012389 -0.027854 0.030482 -0.029241 -0.017565
0.041258 -0.012105 -0.024489 0.030117 -0.027652 -0.01567
0.040919 -0.011868 -0.021223 0.029285 -0.026106 -0.016453
0.040544 -0.01156 -0.017366 0.028271 -0.024223 -0.01662
0.040071 -0.011248 -0.013759 0.027216 -0.023947 -0.015308
0.03963 -0.011008 -0.0099522 0.026109 -0.024521 -0.012056
0.039278 -0.010644 -0.0053077 0.024525 -0.022477 -0.011848
0.038878 -0.010264 -0.0005346 0.023087 -0.023978 -0.010496
0.038441 -0.0098306 0.0043881 0.021722 -0.024406 -0.0084794
0.037993 -0.0094485 0.0092267 0.020346 -0.025497 -0.0089852
0.037576 -0.0089209 0.014316 0.018724 -0.026277 -0.0071259
0.03714 -0.0084844 0.018838 0.017233 -0.025029 -0.0071164
0.036632 -0.0081775 0.023947 0.015832 -0.024301 -0.0088227
0.036162 -0.0078538 0.029166 0.014451 -0.022825 -0.010185
0.035553 -0.0074689 0.033496 0.012826 -0.020567 -0.0098112
0.035002 -0.0071721 0.03778 0.012001 -0.020163 -0.0097509
0.034337 -0.0068416 0.042048 0.010806 -0.02126 -0.0081526
0.03356 -0.0065181 0.045362 0.01016 -0.02135 -0.0065003
0.032708 -0.0061507 0.047921 0.0092981 -0.019829 -0.0049485
0.031818 -0.0058165 0.049931 0.0086721 -0.018322 -0.0036928
0.030863 -0.0055636 0.051838 0.0083576 -0.018186 -0.00057528
0.029937 -0.0052539 0.054533 0.0084884 -0.019519 -0.0013924
0.028945 -0.0049525 0.056595 0.0087478 -0.019085 0.00025417
0.027869 -0.0045855 0.058085 0.0088572 -0.017963 0.0038735
0.026809 -0.0044135 0.059511 0.0096757 -0.021028 0.0084378
0.025712 -0.0040935 0.061447 0.01037 -0.022083 0.012058
0.02461 -0.0038646 0.06229 0.011093 -0.022499 0.012733
0.023548 -0.0036198 0.063185 0.011729 -0.022426 0.0179
0.022386 -0.003133 0.062737 0.012136 -0.01584 0.019998
0.021262 -0.0027676 0.062664 0.012151 -0.01269 0.022966
0.020034 -0.0025723 0.062967 0.012749 -0.01454 0.022702
0.018833 -0.0022508 0.061442 0.012711 -0.010861 0.024611
0.017679 -0.0019824 0.060096 0.013151 -0.0089744 0.026244
0.016482 -0.0017817 0.058489 0.012681 -0.0096999 0.026074
0.015257 -0.0016163 0.05542 0.01299 -0.0091844 0.025602
0.014006 -0.0014683 0.051319 0.012542 -0.0082942 0.023848
0.01269 -0.0013006 0.046683 0.011939 -0.0065517 0.021925
0.01143 -0.0012097 0.041658 0.011599 -0.0060287 0.019259
0.010142 -0.0012163 0.036926 0.010953 -0.0095513 0.015133
0.0088343 -0.0012627 0.031845 0.010623 -0.013969 0.010584
0.0075627 -0.0012013 0.025994 0.0096008 -0.013914 0.0065282
0.0064555 -0.0011383 0.020969 0.0078758 -0.013458 0.0048346
0.0054371 -0.0010651 0.01638 0.0067585 -0.013082 0.0016043
0.0045329 -0.00094979 0.011673 0.005961 -0.0097836 -0.00057336
0.003708 -0.00075595 0.0077209 0.0046645 -0.0066424 -0.0047453
0.0031038 -0.00071892 0.0046876 0.0037892 -0.0046711 -0.0042443
0.0026222 -0.00066334 0.0025976 0.0028847 -0.0046002 -0.0059895
0.0022751 -0.00063163 0.0011744 0.0029523 -0.003714 -0.0063673
0.0019832 -0.00056204 0.00015976 0.0023283 -0.0030616 -0.0070051
0.0018041 -0.00052902 -0.0004381 0.0022008 -0.0025848 -0.0071736
0.0016106 -0.00046734 -0.00080283 0.0017444 -0.0020009 -0.0072824
0.0015328 -0.00043657 -0.00075647 0.0017909 -0.0016324 -0.0069405
0.0014043 -0.00040467 -0.0010322 0.0017503 -0.0012098 -0.0068538
0.0013122 -0.00034523 -0.00075274 0.001468 -0.00073422 -0.0064523
0.0012095 -0.00033282 -0.00095073 0.0010326 -0.001317 -0.0069896
0.0011317 -0.00030205 -0.00090437 0.0010791 -0.00094851 -0.0066478
0.0010539 -0.00027128 -0.00085801 0.0011255 -0.00058 -0.006306
0.00098893 -0.00024149 -0.00094699 0.00070974 -0.0004188 -0.0065014
0.00091114 -0.00021072 -0.00090063 0.00075618 -5.03e-05 -0.0061596
0.00087348 -0.0002281 -0.0010096 0.00073665 -0.00079429 -0.0065015
0.00079569 -0.00019733 -0.00096329 0.00078309 -0.00042579 -0.0061596
0.00074371 -0.00018604 -0.00083917 0.00043475 -0.0010627 -0.0064418
0.0007179 -0.00016656 -0.00091693 0.00082954 -5.7284e-05 -0.0058178
0.00070359 -0.00013789 -0.0006838 0.00050072 4.9773e-05 -0.0057581
0.00065314 -0.00015429 -0.00065748 0.00094342 -0.00048691 -0.0055627
0.0006258 -0.00010712 -0.00063744 0.00054716 0.00041827 -0.0054163
0.00058813 -0.0001245 -0.00074646 0.00052763 -0.00032571 -0.0057581
0.00054801 -7.6351e-05 -0.00059109 0.00059361 0.00078678 -0.0050744
0.00051035 -9.373e-05 -0.0007001 0.00057407 4.2789e-05 -0.0054163
0.00051035 -9.373e-05 -0.0007001 0.00057407 4.2789e-05 -0.0054163
0.00044559 -8.1464e-05 -0.00044065 0.00068796 -0.00038684 -0.0051612
0.00043256 -6.296e-05 -0.00065375 0.00062052 0.00041129 -0.0050745
0.00039489 -8.034e-05 -0.00076276 0.00060098 -0.0003327 -0.0054163
0.00038058 -5.1672e-05 -0.00052963 0.00027217 -0.00022564 -0.0053566
0.00038058 -5.1672e-05 -0.00052963 0.00027217 -0.00022564 -0.0053566
0.00035379 -0.00011555 -0.000523 0.00060313 -0.00085323 -0.003153
0.00032645 -6.8383e-05 -0.00050295 0.00020687 5.1959e-05 -0.0030066
0.00032645 -6.8383e-05 -0.00050295 0.00020687 5.1959e-05 -0.0030066
0.00032645 -6.8383e-05 -0.00050295 0.00020687 5.1959e-05 -0.0030066
0.00031367 -6.7406e-05 -0.00036762 0.00066911 0.00025926 -0.0024693
0.000276 -8.4785e-05 -0.00047664 0.00064957 -0.00048473 -0.0028112
0.00025234 -3.7303e-05 -0.00045695 0.00076131 -0.00039383 -0.0048194
0.00024866 -3.7614e-05 -0.0004566 0.00025332 0.00042046 -0.0026648
0.00021099 -5.4993e-05 -0.00056561 0.00023378 -0.00032353 -0.0030067
0.00021099 -5.4993e-05 -0.00056561 0.00023378 -0.00032353 -0.0030067
0.00020756 -7.2829e-05 -0.00021683 0.00025546 -0.00010007 -0.00040149
0.0001839 -2.5347e-05 -0.00019715 0.0003672 -9.17e-06 -0.0024097
0.0001839 -2.5347e-05 -0.00019715 0.0003672 -9.17e-06 -0.0024097
0.00017087 -6.8437e-06 -0.00041024 0.00029976 0.00078896 -0.0023229
0.0001332 -2.4223e-05 -0.00051926 0.00028022 4.4975e-05 -0.0026648
0.00011889 4.4453e-06 -0.00028612 -4.859e-05 0.00015203 -0.0026051
0.00011889 4.4453e-06 -0.00028612 -4.859e-05 0.00015203 -0.0026051
0.00010611 5.423e-06 -0.00015079 0.00041364 0.00035933 -0.0020678
0.00010611 5.423e-06 -0.00015079 0.00041364 0.00035933 -0.0020678
5.4131e-05 1.6712e-05 -2.6672e-05 6.5294e-05 -0.0002776 -0.00235
7.7787e-05 -3.077e-05 -4.6357e-05 -4.6443e-05 -0.0003685 -0.00034184
5.4131e-05 1.6712e-05 -2.6672e-05 6.5294e-05 -0.0002776 -0.00235
7.7787e-05 -3.077e-05 -4.6357e-05 -4.6443e-05 -0.0003685 -0.00034184
7.7787e-05 -3.077e-05 -4.6357e-05 -4.6443e-05 -0.0003685 -0.00034184
2.6791e-05 6.3883e-05 -6.6318e-06 -0.00033096 0.00062759 -0.0022036
3.4354e-06 1.7836e-05 -0.00034878 -2.1681e-05 -0.00022345 -0.0026052
-1.0877e-05 4.6504e-05 -0.00011565 -0.0003505 -0.0001164 -0.0025455
-1.0877e-05 4.6504e-05 -0.00011565 -0.0003505 -0.0001164 -0.0025455
2.7092e-05 -2.9646e-05 -0.00036847 -0.00013342 -0.00031436 -0.00059699
1.4313e-05 -2.8668e-05 -0.00023313 0.00032882 -0.00010706 -5.9685e-05
-0 -0 0 0 0 -0
-0 -0 0 0 0 -0
-0 -0 0 0 0 -0
-0 -0 0 0 0 -0
-0 -0 0 0 0 -0
-0 -0 0 0 0 -0
-0.0022856 0.08069 -0.0067167 0.012944 -0.018031 0.013532
-0.0020903 0.080605 -0.0068618 0.013577 -0.013976 0.010664
-0.0017386 0.080066 -0.0066531 0.013727 -0.012055 0.010977
-0.0012304 0.079319 -0.006661 0.014537 -0.011126 0.0064894
-0.00064738 0.078504 -0.006814 0.015306 -0.01133 -0.00091085
0.00012842 0.07749 -0.0071813 0.016025 -0.011433 -0.002296
0.00096397 0.076147 -0.0073908 0.015627 -0.011487 -0.0088505
0.0018579 0.074665 -0.0070797 0.015611 -0.010996 -0.014595
0.0029762 0.072815 -0.0071048 0.015038 -0.010784 -0.02159
0.0042333 0.07112 -0.0066341 0.014765 -0.011617 -0.026299
0.0055857 0.069382 -0.006791 0.014752 -0.013145 -0.034012
0.007186 0.067469 -0.0067404 0.014998 -0.016336 -0.040234
0.0087838 0.065523 -0.0063933 0.015669 -0.018213 -0.045405
0.010318 0.063227 -0.0060217 0.016282 -0.020584 -0.046415
0.011927 0.060434 -0.0051256 0.016307 -0.019482 -0.046305
0.01339 0.057535 -0.0040447 0.016735 -0.017862 -0.047552
0.014941 0.05472 -0.0026693 0.016941 -0.015815 -0.050817
0.016593 0.051792 -0.00146 0.017791 -0.012017 -0.05551
0.018189 0.048983 -9.0935e-05 0.018319 -0.0084354 -0.055859
0.019706 0.045852 0.0011971 0.018944 -0.0040786 -0.060278
0.021175 0.042615 0.0024664 0.019257 0.0025501 -0.059653
0.022771 0.03952 0.0039133 0.019816 0.0081224 -0.059248
0.024322 0.036485 0.0052403 0.020501 0.01283 -0.061292
0.02574 0.033635 0.0061456 0.021747 0.018447 -0.064922
0.027211 0.030764 0.007646 0.022237 0.025112 -0.068216
0.028687 0.028088 0.0090271 0.022447 0.031808 -0.069558
0.030166 0.025585 0.01032 0.023858 0.034189 -0.071742
0.03163 0.023244 0.011583 0.025061 0.037084 -0.076016
0.033013 0.02104 0.012532 0.025919 0.038686 -0.078945
0.034261 0.018895 0.012926 0.026573 0.041187 -0.077582
0.035412 0.01681 0.01321 0.02629 0.044605 -0.072069
0.036494 0.014877 0.012755 0.026077 0.04956 -0.073012
0.037477 0.012884 0.011731 0.025409 0.055402 -0.065569
0.038454 0.011461 0.011001 0.024423 0.058725 -0.063213
0.039531 0.0099619 0.0098146 0.023132 0.061217 -0.057597
0.040509 0.0087213 0.0089771 0.021567 0.060856 -0.054886
0.041631 0.0075879 0.008022 0.020481 0.061165 -0.051886
0.042663 0.0065757 0.0063214 0.018781 0.059658 -0.041748
0.043606 0.0054973 0.0048235 0.017154 0.057248 -0.033788
0.044486 0.0045971 0.0030283 0.016128 0.056505 -0.029284
0.045507 0.0034473 0.0012736 0.01453 0.056259 -0.014299
0.046452 0.0022095 -0.00095585 0.012564 0.053079 0.0099195
0.047346 0.00099698 -0.0025599 0.011398 0.050988 0.027001
0.048076 -0.000255 -0.0046981 0.011087 0.048098 0.037553
0.048645 -0.0014215 -0.0069526 0.011804 0.043023 0.048147
0.049194 -0.0027337 -0.0091951 0.012721 0.039529 0.05947
0.049619 -0.0040417 -0.012268 0.013359 0.034999 0.074022
0.049975 -0.0053532 -0.015076 0.01462 0.031398 0.083131
0.050158 -0.0063808 -0.018269 0.017178 0.028051 0.084472
0.050203 -0.0073777 -0.021612 0.019888 0.023606 0.081212
0.050186 -0.0081123 -0.024151 0.023161 0.020238 0.077464
0.050267 -0.0091316 -0.026751 0.025555 0.015005 0.078682
0.050242 -0.009968 -0.029265 0.027374 0.011808 0.076197
0.050129 -0.010578 -0.030872 0.029297 0.0089559 0.074948
0.049915 -0.01097 -0.032302 0.030367 0.0071815 0.067343
0.049693 -0.011355 -0.033603 0.031907 0.0055703 0.060255
0.049436 -0.011751 -0.034244 0.032428 0.0017138 0.052275
0.049132 -0.01208 -0.035 0.033349 -0.0013055 0.047058
0.048874 -0.012408 -0.03532 0.034572 -0.0038649 0.0338
0.048598 -0.012633 -0.03552 0.036171 -0.0060159 0.029872
0.048397 -0.012852 -0.035998 0.037676 -0.0078654 0.025628
0.048109 -0.013052 -0.036361 0.039321 -0.0090032 0.017618
0.047898 -0.013207 -0.036116 0.040638 -0.0096034 0.014412
0.04755 -0.013367 -0.036178 0.042007 -0.01234 0.0081743
0.047267 -0.013493 -0.035945 0.04377 -0.013641 0.007305
0.04687 -0.01355 -0.035578 0.044485 -0.016328 0.0033279
0.046449 -0.013581 -0.035295 0.045603 -0.018053 -4.6026e-05
0.046023 -0.013543 -0.034296 0.046538 -0.018573 -0.0024026
0.045607 -0.013495 -0.032985 0.046749 -0.019988 -0.0053215
0.045217 -0.013347 -0.031571 0.04689 -0.018262 -0.0026389
0.044757 -0.013159 -0.029743 0.046462 -0.016808 -0.0043261
0.044362 -0.012913 -0.027514 0.046138 -0.014788 -0.0032562
0.043861 -0.012648 -0.025434 0.044984 -0.012325 -0.0047394
0.043331 -0.012357 -0.022582 0.04409 -0.011221 -0.0036161
0.042737 -0.012035 -0.019821 0.042781 -0.009959 -0.0026903
0.042145 -0.011749 -0.016439 0.041159 -0.0081985 -0.0012388
0.041535 -0.011346 -0.013236 0.039218 -0.0068906 -0.00027302
0.040871 -0.010898 -0.0093498 0.037156 -0.0068667 0.00084352
0.04021 -0.010519 -0.0053356 0.035151 -0.0083094 -0.00065147
0.039738 -0.010084 -0.0004827 0.033385 -0.0085357 -0.0010297
0.039188 -0.0096891 0.0041579 0.031574 -0.01021 -0.0020729
0.03861 -0.0092768 0.0091007 0.02902 -0.010625 -0.0050114
0.03788 -0.008817 0.013636 0.02671 -0.0098483 -0.0030815
0.037165 -0.008413 0.01782 0.024255 -0.0071433 -0.0052584
0.036414 -0.0080229 0.022289 0.021914 -0.0069028 -0.0057907
0.035728 -0.0076525 0.027294 0.019728 -0.0075146 -0.0061546
0.035 -0.0072469 0.031612 0.017737 -0.0046067 -0.0077962
0.03416 -0.006755 0.034492 0.015715 0.001321 -0.0072438
0.033205 -0.0063051 0.037492 0.013373 0.0043257 -0.007744
0.032138 -0.0058023 0.039747 0.011268 0.0061658 -0.0046375
0.031166 -0.0055004 0.04278 0.010102 0.0050264 -0.0015144
0.030134 -0.0051025 0.045987 0.0096217 0.0042762 -0.0018703
0.029031 -0.0047335 0.048126 0.0087266 0.003065 0.00081575
0.027865 -0.0043725 0.049631 0.0084681 0.0028063 0.003811
0.026738 -0.004061 0.051769 0.0079109 0.00092341 0.0086798
0.025519 -0.0037329 0.052861 0.0083495 0.00086329 0.011918
0.024392 -0.0034404 0.054164 0.0084224 0.00061737 0.012692
0.023151 -0.0030514 0.054475 0.0082034 0.0027002 0.015633
0.021946 -0.0026791 0.054803 0.0087881 0.0056714 0.019414
0.020758 -0.0023743 0.05552 0.0091002 0.0052528 0.022034
0.019582 -0.0020835 0.05526 0.0090792 0.007034 0.022156
0.018269 -0.0017874 0.054293 0.0084673 0.0070543 0.022964
0.01711 -0.0016044 0.053491 0.0090764 0.0058911 0.024037
0.015934 -0.0014374 0.051986 0.0094789 0.0043795 0.024217
0.014715 -0.0013865 0.049228 0.0097772 0.0025521 0.025279
0.013379 -0.0013346 0.04602 0.010181 -0.0024821 0.020594
0.012019 -0.0012426 0.041139 0.0099428 -0.0031769 0.017821
0.01069 -0.0011282 0.036032 0.0091801 -0.0024486 0.01498
0.0094482 -0.0011326 0.031298 0.0093587 -0.0052152 0.011631
0.0082276 -0.0011525 0.027095 0.0088742 -0.0096342 0.0076525
0.0069917 -0.001153 0.02189 0.0080469 -0.011929 0.0033578
0.0059098 -0.0010776 0.017114 0.0073048 -0.011292 0.00040959
0.00493 -0.00099109 0.012183 0.0059673 -0.0087113 -0.00031811
0.0040869 -0.0008124 0.0079262 0.0048801 -0.0038176 -0.0017523
0.0033737 -0.00073849 0.0044757 0.0040163 -0.002485 -0.0038753
0.0028243 -0.0006763 0.0026508 0.0032194 -0.0028041 -0.0053466
0.0024553 -0.00065729 0.00097764 0.0028115 -0.0029089 -0.0066223
0.0021735 -0.00061185 0.00018179 0.0022486 -0.0030148 -0.0073281
0.0019165 -0.00054807 -0.00036972 0.0021676 -0.0021696 -0.0071548
0.0017534 -0.0005279 -0.00076021 0.0021138 -0.0025306 -0.0074287
0.0016249 -0.000496 -0.001036 0.0020732 -0.002108 -0.007342
0.0014791 -0.00044109 -0.0010729 0.0016976 -0.0015385 -0.0071769
0.0014013 -0.00041032 -0.0010265 0.0017441 -0.00117 -0.006835
0.0012743 -0.00034509 -0.0012102 0.00091876 -0.00088738 -0.0072448
0.0011935 -0.00031997 -0.0011581 0.00095893 -0.00047914 -0.0068841
0.0011187 -0.00028355 -0.0011175 0.0010116 -0.00015037 -0.0065611
0.0010637 -0.00027791 -0.00098762 0.00065703 -0.00074757 -0.0068245
0.00094827 -0.00026452 -0.0010503 0.00068394 -0.0011231 -0.0068245
0.00090815 -0.00021637 -0.0008949 0.00074991 -1.0561e-05 -0.0061408
0.00085617 -0.00020508 -0.00077078 0.00040157 -0.00064749 -0.006423
0.00079269 -0.00020298 -0.00095756 0.00077682 -0.00038605 -0.0061408
0.00074071 -0.00019169 -0.00083344 0.00042847 -0.001023 -0.006423
0.00070059 -0.00014354 -0.00067807 0.00049445 8.9511e-05 -0.0057393
0.00066292 -0.00016092 -0.00078709 0.00047492 -0.00065448 -0.0060812
0.0006499 -0.00014242 -0.0010002 0.00040748 0.00014366 -0.0059945
0.00058813 -0.0001245 -0.00074646 0.00052763 -0.00032571 -0.0057581
0.00058514 -0.00013015 -0.00074073 0.00052136 -0.00028597 -0.0057393
0.00052313 -9.4708e-05 -0.00083543 0.00011184 -0.00016451 -0.0059536
0.00050735 -9.9383e-05 -0.00069437 0.0005678 8.2527e-05 -0.0053975
0.00049603 -6.5062e-05 -0.00046697 0.00024526 0.00014985 -0.0053566
0.00045836 -8.2441e-05 -0.00057598 0.00022572 -0.00059414 -0.0056985
0.00043256 -6.296e-05 -0.00065375 0.00062052 0.00041129 -0.0050745
0.00038058 -5.1672e-05 -0.00052963 0.00027217 -0.00022564 -0.0053566
0.00038058 -5.1672e-05 -0.00052963 0.00027217 -0.00022564 -0.0053566
0.00040423 -9.9153e-05 -0.00054931 0.00016043 -0.00031654 -0.0033485
0.00035379 -0.00011555 -0.000523 0.00060313 -0.00085323 -0.003153
0.00032645 -6.8383e-05 -0.00050295 0.00020687 5.1959e-05 -0.0030066
0.00032645 -6.8383e-05 -0.00050295 0.00020687 5.1959e-05 -0.0030066
0.00032645 -6.8383e-05 -0.00050295 0.00020687 5.1959e-05 -0.0030066
0.00028878 -8.5763e-05 -0.00061197 0.00018734 -0.00069203 -0.0033485
0.00031367 -6.7406e-05 -0.00036762 0.00066911 0.00025926 -0.0024693
0.000276 -8.4785e-05 -0.00047664 0.00064957 -0.00048473 -0.0028112
0.00024866 -3.7614e-05 -0.0004566 0.00025332 0.00042046 -0.0026648
0.00021099 -5.4993e-05 -0.00056561 0.00023378 -0.00032353 -0.0030067
0.00021099 -5.4993e-05 -0.00056561 0.00023378 -0.00032353 -0.0030067
0.00019668 -2.6325e-05 -0.00033248 -9.5033e-05 -0.00021647 -0.002947
0.0001839 -2.5347e-05 -0.00019715 0.0003672 -9.17e-06 -0.0024097
0.0001839 -2.5347e-05 -0.00019715 0.0003672 -9.17e-06 -0.0024097
0.0001839 -2.5347e-05 -0.00019715 0.0003672 -9.17e-06 -0.0024097
0.00011889 4.4453e-06 -0.00028612 -4.859e-05 0.00015203 -0.0026051
0.00014255 -4.3037e-05 -0.00030581 -0.00016033 6.1129e-05 -0.00059695
0.00011889 4.4453e-06 -0.00028612 -4.859e-05 0.00015203 -0.0026051
0.00011889 4.4453e-06 -0.00028612 -4.859e-05 0.00015203 -0.0026051
0.00011546 -1.3391e-05 6.2659e-05 -2.6909e-05 0.00037549 3.6815e-08
5.4131e-05 1.6712e-05 -2.6672e-05 6.5294e-05 -0.0002776 -0.00235
3.3312e-05 6.2802e-05 -6.3654e-05 6.9673e-05 -0.00044154 -0.00020887
5.4131e-05 1.6712e-05 -2.6672e-05 6.5294e-05 -0.0002776 -0.00235
5.4131e-05 1.6712e-05 -2.6672e-05 6.5294e-05 -0.0002776 -0.00235
7.7787e-05 -3.077e-05 -4.6357e-05 -4.6443e-05 -0.0003685 -0.00034184
-1.0877e-05 4.6504e-05 -0.00011565 -0.0003505 -0.0001164 -0.0025455
5.0447e-05 1.6401e-05 -2.6316e-05 -0.0004427 0.00053669 -0.00019543
-1.0877e-05 4.6504e-05 -0.00011565 -0.0003505 -0.0001164 -0.0025455
-2.3657e-05 4.7482e-05 1.9684e-05 0.00011174 9.0903e-05 -0.0020082
-2.3657e-05 4.7482e-05 1.9684e-05 0.00011174 9.0903e-05 -0.0020082
1.4313e-05 -2.8668e-05 -0.00023313 0.00032882 -0.00010706 -5.9685e-05
1.4313e-05 -2.8668e-05 -0.00023313 0.00032882 -0.00010706 -5.9685e-05
-0 -0 0 0 0 -0
-0 -0 0 0 0 -0
-0 -0 0 0 0 -0
-0 -0 0 0 0 -0
-0 -0 0 0 0 -0
-0.0022856 0.08069 -0.0067167 0.012944 -0.018031 0.013532
-0.0012222 0.079576 -0.007418 0.013567 -0.012222 0.015728
-0.00073759 0.079011 -0.0073867 0.013511 -0.011395 0.021677
-0.00036446 0.078275 -0.008096 0.014512 -0.011334 0.020936
0.00023015 0.077464 -0.0091653 0.015323 -0.0095104 0.015665
0.00092114 0.076442 -0.0095258 0.016198 -0.0097378 0.0079102
0.0018172 0.07519 -0.0099432 0.01699 -0.0087839 0.0066708
0.0027248 0.073302 -0.0097645 0.016381 -0.0091902 0.0042894
0.0037762 0.071643 -0.0095647 0.016726 -0.012676 -0.0052972
0.005014 0.069788 -0.0095167 0.016607 -0.01708 -0.0072807
0.0063124 0.067986 -0.0097836 0.017414 -0.02297 -0.011746
0.0077452 0.066132 -0.0099484 0.017672 -0.029616 -0.012625
0.0092287 0.064075 -0.010132 0.01858 -0.033625 -0.018783
0.010833 0.061335 -0.0097365 0.019111 -0.036729 -0.020351
0.012057 0.058633 -0.0088173 0.019899 -0.036204 -0.025863
0.013456 0.055494 -0.0076872 0.020029 -0.036404 -0.023557
0.014852 0.052495 -0.0067097 0.021292 -0.032723 -0.03223
0.016249 0.049515 -0.0052843 0.022284 -0.031848 -0.037359
0.01772 0.046669 -0.0043825 0.024578 -0.030098 -0.044005
0.019078 0.043642 -0.0031716 0.02585 -0.026982 -0.050435
0.020278 0.040384 -0.0017844 0.027238 -0.021098 -0.055408
0.021607 0.0371 -0.00057439 0.027913 -0.015495 -0.05259
0.022929 0.034348 0.00050326 0.030041 -0.011895 -0.064797
0.024405 0.031723 0.0017835 0.032186 -0.0089151 -0.068486
0.025769 0.028867 0.0023161 0.032724 -0.0026448 -0.066048
0.027103 0.026218 0.0027846 0.03407 0.0023698 -0.067858
0.028401 0.023922 0.0033806 0.03556 0.004589 -0.070345
0.02977 0.021441 0.0041542 0.036755 0.0059008 -0.066817
0.030915 0.019251 0.0042145 0.038659 0.0082963 -0.069175
0.032002 0.016988 0.0040856 0.039514 0.010935 -0.070079
0.033066 0.014653 0.0038258 0.039232 0.016473 -0.068581
0.034219 0.012681 0.0025456 0.038687 0.022447 -0.07024
0.035248 0.011081 0.00066513 0.038041 0.027419 -0.07259
0.03627 0.0094598 -0.00087421 0.036131 0.032513 -0.073253
0.037402 0.0084426 -0.0030553 0.035318 0.032589 -0.073444
0.038314 0.0073616 -0.0046288 0.033812 0.031654 -0.073616
0.039265 0.006448 -0.0063041 0.03255 0.029967 -0.076196
0.040302 0.0056967 -0.008202 0.030856 0.027686 -0.073017
0.041407 0.0046853 -0.0098348 0.028572 0.025369 -0.054881
0.042472 0.0034049 -0.01134 0.026397 0.02534 -0.0379
0.043232 0.002435 -0.013114 0.024827 0.023399 -0.029664
0.04386 0.0013895 -0.015123 0.023546 0.021398 -0.021287
0.044469 0.00021246 -0.017503 0.022296 0.0164 -0.0034353
0.045056 -0.001383 -0.020119 0.021214 0.010658 0.020501
0.045494 -0.0028598 -0.023614 0.021026 0.0040934 0.039824
0.0458 -0.0043711 -0.027191 0.021233 -0.0015267 0.057702
0.045941 -0.0055509 -0.031019 0.022581 -0.0076795 0.06097
0.046107 -0.0065484 -0.033922 0.024917 -0.010664 0.058222
0.04636 -0.0076057 -0.037094 0.027803 -0.012378 0.060307
0.04664 -0.0087412 -0.040061 0.030124 -0.014083 0.066508
0.046915 -0.0099632 -0.042541 0.031999 -0.018282 0.07845
0.046973 -0.010764 -0.044839 0.034873 -0.021624 0.072337
0.046982 -0.011466 -0.046701 0.037595 -0.025686 0.066351
0.046971 -0.012146 -0.048267 0.040088 -0.029342 0.056297
0.04691 -0.012622 -0.049048 0.04123 -0.031236 0.04903
0.046957 -0.012992 -0.049225 0.04301 -0.029771 0.041699
0.046834 -0.013258 -0.049423 0.043735 -0.030649 0.033037
0.046704 -0.013443 -0.049682 0.044771 -0.030192 0.031633
0.046614 -0.013555 -0.049579 0.04616 -0.027566 0.020644
0.04655 -0.013727 -0.049209 0.047358 -0.025103 0.018399
0.046353 -0.01383 -0.049337 0.048451 -0.023614 0.019859
0.046192 -0.013894 -0.049593 0.049757 -0.021098 0.010756
0.046003 -0.013949 -0.049188 0.05111 -0.018295 0.0090067
0.045799 -0.014008 -0.04904 0.052503 -0.017346 0.0041815
0.045585 -0.014069 -0.048813 0.054251 -0.016441 0.0040451
0.045476 -0.014098 -0.048636 0.056413 -0.012277 0.00084961
0.045303 -0.014055 -0.04799 0.058377 -0.010715 0.001462
0.045191 -0.014058 -0.046926 0.059515 -0.0071595 0.0003482
0.044944 -0.013893 -0.04516 0.060232 -0.0039322 -0.00027692
0.044606 -0.013766 -0.043471 0.061365 -0.0019459 -0.0010297
0.04419 -0.013488 -0.042122 0.061174 0.0023175 0.00021974
0.043704 -0.013193 -0.04006 0.060829 0.0055043 0.0017181
0.043152 -0.012876 -0.037293 0.060337 0.0075704 0.0034446
0.042588 -0.012596 -0.034557 0.05943 0.007887 0.0042051
0.042077 -0.012259 -0.030519 0.058101 0.0095859 0.0041379
0.041608 -0.01198 -0.027081 0.056967 0.010863 0.003414
0.041049 -0.011596 -0.023207 0.055642 0.011531 0.0050876
0.040441 -0.011168 -0.018328 0.053461 0.010091 0.0063831
0.039821 -0.010952 -0.013313 0.051254 0.0049359 0.0041469
0.039188 -0.010656 -0.0074561 0.04905 -0.0026633 0.0018035
0.038561 -0.010307 -0.0018481 0.046819 -0.009716 -0.00057221
0.037842 -0.009856 0.0033471 0.044314 -0.010424 0.001246
0.037027 -0.0093293 0.0072888 0.040591 -0.0070287 0.00062179
0.036132 -0.0087255 0.0098606 0.037247 0.0013002 0.0010165
0.035258 -0.0081419 0.013356 0.033382 0.0083712 -0.00080287
0.03441 -0.0077015 0.017716 0.030619 0.010847 -0.0029013
0.033493 -0.0071217 0.022022 0.027469 0.013901 -0.00057104
0.032477 -0.0066357 0.024926 0.024719 0.017023 -0.0012876
0.031315 -0.0061656 0.027155 0.022637 0.018651 -0.00032225
0.0301 -0.0057 0.029069 0.020461 0.020374 0.00040677
0.028909 -0.0053223 0.031664 0.019735 0.020049 0.0019093
0.027779 -0.0049863 0.035148 0.018895 0.015323 0.0045633
0.026636 -0.0047534 0.038804 0.019358 0.0094863 0.0056436
0.025454 -0.0043917 0.040445 0.019054 0.010249 0.011331
0.024376 -0.0040394 0.043524 0.0197 0.0088076 0.015797
0.023222 -0.003659 0.045409 0.020385 0.0097076 0.020209
0.022014 -0.00319 0.045698 0.020139 0.016107 0.022529
0.020796 -0.0027991 0.045813 0.020656 0.019876 0.026396
0.019657 -0.002405 0.045973 0.020343 0.023133 0.029424
0.018478 -0.0019453 0.04594 0.019566 0.028092 0.032684
0.017198 -0.0016964 0.044876 0.018487 0.028069 0.030814
0.015863 -0.0014842 0.043401 0.017308 0.025282 0.029717
0.014392 -0.0013629 0.040462 0.016111 0.020693 0.026769
0.013039 -0.0014007 0.038646 0.015253 0.010203 0.022617
0.011717 -0.0015863 0.037243 0.015765 -0.0042297 0.018194
0.010216 -0.0016338 0.032773 0.014901 -0.011893 0.012908
0.008599 -0.0015701 0.026568 0.013082 -0.014921 0.0073487
0.007124 -0.0013595 0.019157 0.011621 -0.0096981 0.0038794
0.0057682 -0.0011103 0.01195 0.0097431 -0.0023624 0.00094017
0.0047613 -0.00098263 0.0070445 0.0085104 0.00035346 -0.0017748
0.0039308 -0.00095635 0.0037189 0.0073203 -0.0011972 -0.0049317
0.0032961 -0.00090476 0.0014572 0.0064232 -0.0022459 -0.0070188
0.0028608 -0.00084579 0.00014129 0.0053381 -0.0028805 -0.0085171
0.0025175 -0.00078181 -0.00040148 0.0048961 -0.0034603 -0.0089886
0.0022357 -0.00073638 -0.0011973 0.0043333 -0.0035663 -0.0096944
0.0020659 -0.00072218 -0.0015817 0.0037652 -0.0030733 -0.007795
0.0018854 -0.00067899 -0.0017334 0.0033763 -0.0032876 -0.0079905
0.0017439 -0.0006286 -0.0022222 0.0032684 -0.0020668 -0.0078171
0.0015634 -0.00058541 -0.0023739 0.0028795 -0.0022811 -0.0080126
0.0014337 -0.00054335 -0.0022034 0.0025776 -0.0025496 -0.007953
0.0013182 -0.00052996 -0.002266 0.0026045 -0.002925 -0.007953
0.0012811 -0.00047616 -0.0021164 0.0026767 -0.0018523 -0.0072881
0.0012018 -0.0004177 -0.0019722 0.0019321 -0.001584 -0.0074238
0.001124 -0.00038693 -0.0019259 0.0019786 -0.0012155 -0.007082
0.0010289 -0.00033315 -0.0016407 0.0016899 -0.00070023 -0.0066617
0.00096686 -0.0002977 -0.0017354 0.0012804 -0.00057877 -0.0068759
0.0009021 -0.00028543 -0.0014759 0.0013943 -0.0010084 -0.0066208
0.0008341 -0.00026129 -0.0015592 0.00097222 -0.00080746 -0.0067975
0.00082132 -0.00026032 -0.0014238 0.0014345 -0.00060016 -0.0062602
0.00074353 -0.00022955 -0.0013775 0.0014809 -0.00023166 -0.0059184
0.00068822 -0.00022454 -0.001247 0.0011256 -0.00082444 -0.0061797
0.00066421 -0.00017109 -0.0012333 0.00073629 3.6599e-05 -0.0060541
0.00061376 -0.00018749 -0.001207 0.001179 -0.00050009 -0.0058587
0.00056178 -0.0001762 -0.0010829 0.00083064 -0.001137 -0.0061409
0.00058642 -0.00014032 -0.001187 0.00078273 0.0004051 -0.0057123
0.00052466 -0.0001224 -0.00093324 0.00090289 -6.4268e-05 -0.005476
0.00052466 -0.0001224 -0.00093324 0.00090289 -6.4268e-05 -0.005476
0.00048699 -0.00013978 -0.0010423 0.00088335 -0.00080826 -0.0058179
0.00047053 -0.00013911 -0.00090656 0.00083759 0.00021333 -0.003126
0.00044687 -9.1628e-05 -0.00088688 0.00094933 0.00030423 -0.0051341
0.00039489 -8.034e-05 -0.00076276 0.00060098 -0.0003327 -0.0054163
0.00039489 -8.034e-05 -0.00076276 0.00060098 -0.0003327 -0.0054163
0.00038211 -7.9362e-05 -0.00062743 0.0010632 -0.0001254 -0.004879
0.0003171 -4.957e-05 -0.0007164 0.00064742 3.5805e-05 -0.0050745
0.00034076 -9.7051e-05 -0.00073609 0.00053569 -5.5098e-05 -0.0030663
0.00034076 -9.7051e-05 -0.00073609 0.00053569 -5.5098e-05 -0.0030663
0.00028878 -8.5763e-05 -0.00061197 0.00018734 -0.00069203 -0.0033485
0.000276 -8.4785e-05 -0.00047664 0.00064957 -0.00048473 -0.0028112
0.000276 -8.4785e-05 -0.00047664 0.00064957 -0.00048473 -0.0028112
0.000276 -8.4785e-05 -0.00047664 0.00064957 -0.00048473 -0.0028112
0.00026297 -6.6282e-05 -0.00068973 0.00058213 0.0003134 -0.0027245
0.00026297 -6.6282e-05 -0.00068973 0.00058213 0.0003134 -0.0027245
0.00026297 -6.6282e-05 -0.00068973 0.00058213 0.0003134 -0.0027245
0.00023588 -3.6636e-05 -0.00032127 0.00071555 0.00062776 -0.0021275
0.00019821 -5.4015e-05 -0.00043028 0.00069602 -0.00011623 -0.0024694
0.00017087 -6.8437e-06 -0.00041024 0.00029976 0.00078896 -0.0023229
0.0001332 -2.4223e-05 -0.00051926 0.00028022 4.4975e-05 -0.0026648
0.0001332 -2.4223e-05 -0.00051926 0.00028022 4.4975e-05 -0.0026648
0.0001332 -2.4223e-05 -0.00051926 0.00028022 4.4975e-05 -0.0026648
0.0001332 -2.4223e-05 -0.00051926 0.00028022 4.4975e-05 -0.0026648
0.00010611 5.423e-06 -0.00015079 0.00041364 0.00035933 -0.0020678
0.00010611 5.423e-06 -0.00015079 0.00041364 0.00035933 -0.0020678
6.8443e-05 -1.1956e-05 -0.00025981 0.00039411 -0.00038466 -0.0024097
6.8443e-05 -1.1956e-05 -0.00025981 0.00039411 -0.00038466 -0.0024097
5.4131e-05 1.6712e-05 -2.6672e-05 6.5294e-05 -0.0002776 -0.00235
5.4131e-05 1.6712e-05 -2.6672e-05 6.5294e-05 -0.0002776 -0.00235
5.4131e-05 1.6712e-05 -2.6672e-05 6.5294e-05 -0.0002776 -0.00235
4.1103e-05 3.5215e-05 -0.00023977 -2.1478e-06 0.00052053 -0.0022633
4.1103e-05 3.5215e-05 -0.00023977 -2.1478e-06 0.00052053 -0.0022633
-1.0877e-05 4.6504e-05 -0.00011565 -0.0003505 -0.0001164 -0.0025455
-2.3657e-05 4.7482e-05 1.9684e-05 0.00011174 9.0903e-05 -0.0020082
-2.3657e-05 4.7482e-05 1.9684e-05 0.00011174 9.0903e-05 -0.0020082
-9.344e-06 1.8814e-05 -0.00021345 0.00044055 -1.6154e-05 -0.0020679
-2.3657e-05 4.7482e-05 1.9684e-05 0.00011174 9.0903e-05 -0.0020082
-9.344e-06 1.8814e-05 -0.00021345 0.00044055 -1.6154e-05 -0.0020679
1.4313e-05 -2.8668e-05 -0.00023313 0.00032882 -0.00010706 -5.9685e-05
1.4313e-05 -2.8668e-05 -0.00023313 0.00032882 -0.00010706 -5.9685e-05
-0 -0 0 0 0 -0
-0 -0 0 0 0 -0
-0 -0 0 0 0 -0
-0 -0 0 0 0 -0
,,,,,
S,c,o,r,e,s
     
3209.1 -1890 1569.6 196.01 -541.08 -9.5541
9279 1775.1 802.96 56.771 504.38 37.662
3525.7 -2928.2 -1717.2 955.67 -72.578 -6.575
3148 -99.87 -996.8 -1343.4 -140.54 -59.19
-5827.5 4849.9 144.99 324.75 61.626 -221.22
-5128.5 4707.8 -272.39 12.728 -111.14 235.87
-8205.8 -6414.8 468.85 -202.5 299.34 23.009
,,,,,,,
V,a,r,i,a,n,c,e

4.1056e+07
1.7024e+07
1.2276e+06
4.844e+05
1.1299e+05
18360
